# x (m), y (m), yaw (rad)
0.000000 0.000000 0.000000
2.000000 0.000000 0.000000
4.000000 0.000000 0.000000
6.000000 0.000000 0.000000
8.000000 0.000000 0.000000
10.000000 0.000000 0.000000
12.000000 0.000000 0.000000
14.000000 0.000000 0.000000
16.000000 0.000000 0.000000
18.000000 0.000000 0.000000
20.000000 0.000000 1.570796
20.000000 2.000000 1.570796
20.000000 4.000000 1.570796
20.000000 6.000000 1.570796
20.000000 8.000000 1.570796
20.000000 10.000000 1.570796
20.000000 12.000000 1.570796
20.000000 14.000000 1.570796
20.000000 16.000000 1.570796
20.000000 18.000000 1.570796
20.000000 20.000000 3.141593
18.000000 20.000000 3.141593
16.000000 20.000000 3.141593
14.000000 20.000000 3.141593
12.000000 20.000000 3.141593
10.000000 20.000000 3.141593
8.000000 20.000000 3.141593
6.000000 20.000000 3.141593
4.000000 20.000000 3.141593
2.000000 20.000000 3.141593
0.000000 20.000000 -1.570796
0.000000 18.000000 -1.570796
0.000000 16.000000 -1.570796
0.000000 14.000000 -1.570796
0.000000 12.000000 -1.570796
0.000000 10.000000 -1.570796
0.000000 8.000000 -1.570796
0.000000 6.000000 -1.570796
0.000000 4.000000 -1.570796
0.000000 2.000000 -1.570796
0.000000 0.000000 0.000000
