# x (m), y (m), yaw (rad) - with cumulative drift
0.000000 0.000000 0.000000
2.030472 -0.103998 0.015009
4.127221 -0.267651 -0.011035
6.139533 -0.321483 -0.011371
8.055105 -0.255320 0.004185
10.061219 -0.134199 0.013535
11.974615 -0.071420 -0.005642
14.062398 -0.088193 -0.009339
15.995363 0.016013 -0.012430
17.951941 -0.043524 -0.001784
19.988556 -0.005884 1.577629
20.014068 2.208507 1.567384
19.959018 4.127328 1.589963
20.004904 6.117179 1.573474
19.925050 8.182032 1.584337
19.875657 10.114989 1.586671
19.756430 12.135220 1.591143
19.707603 14.202546 1.596925
19.799368 16.268777 1.590532
19.824704 18.222620 1.585029
19.880687 20.373129 -3.107995
18.048883 20.345069 -3.104740
15.994279 20.198145 -3.088873
14.029445 20.140763 -3.071713
12.044503 20.129710 -3.094379
10.140921 19.989997 -3.091530
8.072327 19.929131 -3.088360
6.011043 19.850277 -3.079224
4.078733 19.765981 -3.086859
2.203797 19.614486 -3.096247
0.206784 19.475744 -1.516520
0.309059 17.411714 -1.524986
0.231726 15.414049 -1.553928
0.163519 13.544903 -1.545933
0.173186 11.635101 -1.519948
0.346684 9.677014 -1.538621
0.315410 7.695527 -1.545401
0.195652 5.607782 -1.536713
0.205236 3.583159 -1.565634
0.162650 1.575699 -1.560980
0.342473 -0.424817 0.005029
