# X (m), Y (m), Z (m) in ECEF frame
-2705296.772 -4261061.608 3886354.952
-2706588.143 -4260929.657 3885590.770
-2704694.508 -4261253.930 3886537.391
-2705039.624 -4261381.254 3886179.715
-2705884.254 -4262095.883 3884812.059
-2706473.785 -4259891.961 3886809.677
-2706009.968 -4260621.327 3886316.746
-2707014.571 -4259934.098 3886375.014
-2707369.292 -4261084.985 3884890.746
-2705782.081 -4261423.268 3885620.502
-2705704.517 -4261632.317 3885436.615
-2704643.218 -4261156.010 3886699.069
-2706468.775 -4260587.766 3886060.416
-2706188.249 -4260385.588 3886459.934
-2706308.364 -4261106.362 3885606.553
-2707186.784 -4260986.475 3885109.702
-2707023.357 -4260409.813 3885850.920
-2706649.217 -4261676.038 3884745.143
-2706533.459 -4260158.976 3886472.797
-2705638.625 -4261126.310 3886023.603
