# East (m), North (m), Up (m) relative to reference
742.359 784.807 14.908
-418.487 -175.078 5.984
1353.865 1027.347 -0.226
1130.796 565.457 11.875
800.926 -1162.476 8.844
-878.274 1362.513 11.794
-95.723 748.059 -0.045
-1312.187 819.562 2.812
-994.619 -1065.242 11.833
526.578 -142.107 11.977
704.127 -370.081 5.950
1344.665 1222.619 11.741
-501.016 412.131 14.967
-372.601 924.589 5.922
-87.579 -162.095 14.997
-893.367 -781.300 2.890
-1064.567 156.432 2.909
-69.899 -1249.485 11.877
-785.498 938.568 8.882
488.473 377.179 -0.030
