# roll (rad), pitch (rad), yaw (rad)
0.286886 0.270269 2.746707
-0.064006 -0.152340 5.231871
0.375523 0.492914 4.399895
0.206683 0.411675 1.962657
-0.424976 0.291523 5.229243
0.498071 -0.319774 5.056484
0.273465 -0.034850 2.434598
0.299566 -0.477728 1.811619
-0.389438 -0.362027 4.288246
-0.051956 0.191688 0.878091
-0.135300 0.256314 1.256060
0.446907 0.489575 0.046259
0.150655 -0.182395 4.944392
0.337995 -0.135654 4.177381
-0.059257 -0.031881 4.430685
-0.285635 -0.325185 4.905465
0.057161 -0.387545 2.883453
-0.456770 -0.025442 3.573506
0.343095 -0.285980 0.878370
0.137879 0.177829 0.719614
