# latitude (rad), longitude (rad), height (m)
0.6594197832 -2.1364745180 15.000
0.6592688474 -2.1367045018 6.000
0.6594579102 -2.1363533546 0.000
0.6593852841 -2.1363975645 12.000
0.6591135766 -2.1364629517 9.000
0.6595106239 -2.1367956191 12.000
0.6594140101 -2.1366405635 0.000
0.6594252374 -2.1368815777 3.000
0.6591288632 -2.1368186135 12.000
0.6592740309 -2.1365172815 12.000
0.6592381805 -2.1364821120 6.000
0.6594886161 -2.1363551715 12.000
0.6593611837 -2.1367208578 15.000
0.6594417677 -2.1366954214 6.000
0.6592708905 -2.1366389480 15.000
0.6591735142 -2.1367985639 3.000
0.6593209674 -2.1368325005 3.000
0.6590999009 -2.1366354437 12.000
0.6594439612 -2.1367772286 9.000
0.6593556879 -2.1365248239 0.000
