# qw, qx, qy, qz (unit quaternion)
0.211263 -0.102963 0.165053 0.957875
-0.860823 0.065762 0.049780 0.502176
-0.523828 -0.300312 0.005317 0.797113
0.558806 -0.112851 0.196955 0.797627
-0.851340 0.108945 -0.227654 0.459918
-0.804976 -0.110159 0.266231 0.518651
0.340670 0.063374 0.121884 0.930093
0.565033 0.273565 -0.030265 0.777807
-0.494220 0.251623 -0.064090 0.829653
0.899643 -0.064068 0.075602 0.425232
0.795639 -0.129172 0.063791 0.588392
0.947057 0.209470 0.241234 -0.031810
-0.782976 -0.002420 0.117719 0.610807
-0.496781 -0.025025 0.178876 0.848873
-0.600118 0.030533 -0.014105 0.799204
-0.739388 0.210278 0.034411 0.638674
0.120794 0.194492 0.003034 0.973433
-0.205888 0.060613 -0.218473 0.951948
0.872368 0.212633 -0.055242 0.436703
0.932207 0.033028 0.107072 0.344144
