# bearings to 4 beacons (rad)
-2.541991 -1.328342 1.333836 2.619127
-2.485285 -1.265304 1.211535 2.612282
-2.532301 -1.290464 1.172160 2.650643
-2.551352 -1.257667 1.048551 2.661917
-2.398435 -1.413877 1.220925 2.674389
-2.627224 -1.348573 1.331222 2.685528
-2.597069 -1.216651 1.227621 2.548590
-2.650505 -1.268437 1.089016 2.652379
-2.452974 -1.273293 1.357097 2.668861
-2.512010 -1.305280 1.236618 2.635978
-2.507895 -1.359316 1.133707 2.597383
-2.465355 -1.336048 1.036938 2.644390
-2.697196 -1.206385 1.024610 2.787403
-2.546792 -1.321954 1.253523 2.665740
-2.469527 -1.326782 0.965023 2.647772
-2.596664 -1.346956 0.990861 2.524315
-2.513241 -1.103574 1.046435 2.607337
-2.381114 -1.216207 0.941278 2.816169
-2.511138 -1.375825 0.942446 2.731501
-2.383573 -1.141773 1.120264 3.008950
-2.525369 -1.180111 1.010366 2.654397
-2.614033 -1.198577 1.122548 2.660185
-2.353102 -1.200278 0.889131 2.809587
-2.359466 -1.175483 0.802233 2.913660
-2.401763 -1.178131 0.849266 2.744125
-2.217404 -1.263291 0.875171 2.703405
-2.398290 -1.238911 0.806884 2.840889
-2.332329 -1.116792 0.931977 2.920862
-2.313175 -1.340247 0.845671 2.773223
-2.365333 -1.267457 0.737660 2.885079
-2.249461 -1.227651 0.589204 2.757027
-2.316322 -1.048327 0.696542 2.982742
-2.392396 -1.123205 0.621410 2.747017
-2.392545 -1.229401 0.635127 2.768291
-2.335848 -1.179598 0.552479 2.853963
-2.150824 -0.989035 0.554820 2.880220
-2.224523 -1.152592 0.474072 2.891846
-2.248862 -1.146635 0.618596 2.811368
-2.310376 -1.154549 0.375950 2.814100
-2.185561 -1.017076 0.369248 2.797319
-2.262423 -1.188345 0.563285 2.800099
-2.288720 -1.101701 0.477403 2.938600
-2.156483 -1.114555 0.429797 2.893258
-2.215970 -1.021577 0.477054 2.808644
-2.235472 -1.035356 0.407175 2.722769
-2.138716 -1.037062 0.413423 2.956002
-2.225700 -1.111293 0.473059 2.778061
-2.126954 -1.135620 0.443226 2.762891
-2.114941 -1.004364 0.373610 2.699291
-2.110446 -1.229569 0.400585 2.811136
-2.104015 -1.149657 0.472900 2.830123
-2.124949 -1.051767 0.346915 2.898931
-2.151936 -0.848471 0.121505 2.732942
-2.165783 -1.036226 0.223268 2.807959
-2.021686 -1.007226 0.499674 2.690558
-2.071180 -1.048139 0.372433 2.707979
-2.068130 -0.869179 0.308511 2.727229
-2.078778 -0.775649 0.295214 2.704498
-2.055853 -0.930823 0.221127 2.832698
-2.149071 -0.847159 0.234290 2.870113
-2.040217 -1.058049 0.362458 2.789945
-2.150450 -0.838697 0.358843 2.714673
-2.073812 -0.890980 0.368361 2.737599
-2.005912 -1.025741 0.256528 2.582930
-2.039649 -0.907127 0.391608 2.664890
-1.915928 -0.830512 0.294460 2.632718
-1.975871 -0.782110 0.201281 2.508559
-2.038273 -0.822590 0.387737 2.709214
-2.062828 -0.818277 0.327300 2.585237
-2.138578 -0.835972 0.246584 2.709952
-2.021937 -0.797491 0.291105 2.559812
-2.004883 -1.020846 0.218662 2.528734
-1.942014 -0.947265 0.307741 2.519943
-1.858652 -0.683705 0.245548 2.493167
-1.780327 -0.768281 0.359432 2.445142
-2.043982 -1.004302 0.264688 2.479689
-1.748448 -0.885230 0.371831 2.492631
-1.941679 -0.792650 0.158327 2.313977
-1.997205 -0.832703 0.300126 2.456273
-1.869333 -0.831073 0.297010 2.454863
-1.695318 -0.963267 0.276336 2.330807
-1.896130 -0.742389 0.293937 2.287777
-1.851449 -0.736676 0.374063 2.441731
-1.762940 -0.733667 0.509564 2.137700
-1.858444 -0.671413 0.552850 2.136078
-1.991831 -0.782542 0.413430 2.217110
-1.826488 -0.639444 0.377222 2.242121
-1.919127 -0.745115 0.470084 2.066006
-2.025425 -0.685615 0.548950 2.130693
-1.900565 -0.726107 0.410649 2.052514
-2.048122 -0.567369 0.456257 1.993215
-1.873950 -0.665412 0.377224 1.973176
-1.845591 -0.554932 0.331127 1.977896
-1.994959 -0.706717 0.482709 1.985786
-1.854275 -0.460268 0.682018 2.025826
-1.819590 -0.701570 0.337922 2.093280
-1.831140 -0.632302 0.445582 1.960561
-1.837594 -0.521078 0.494907 1.928255
-1.904350 -0.749933 0.609981 2.071202
-1.888223 -0.591771 0.472066 1.857520
-1.870664 -0.613956 0.601813 1.829111
-1.853249 -0.565715 0.486460 1.888654
-1.947866 -0.600375 0.420849 1.755318
-1.853072 -0.523724 0.545762 1.896174
-1.805181 -0.589814 0.585840 1.797782
-1.909349 -0.470940 0.448312 1.946668
-1.853258 -0.484235 0.691242 1.834456
-1.860333 -0.384848 0.704232 1.881327
-1.986749 -0.638700 0.588440 1.868940
-1.857334 -0.539829 0.504465 1.675017
-1.925923 -0.536963 0.457895 1.886728
-1.833638 -0.583088 0.523925 1.748811
-2.150196 -0.316513 0.404987 1.860831
-1.976885 -0.486415 0.645865 1.847227
-2.041782 -0.597558 0.702159 1.713310
-1.936299 -0.548460 0.715237 2.107342
-2.147545 -0.440045 0.703717 1.741602
-2.139429 -0.399731 0.633441 1.832790
-2.085251 -0.428922 0.598142 1.817693
-2.000346 -0.436528 0.732990 1.884581
-2.273235 -0.358337 0.666379 1.850155
-2.035985 -0.531419 0.729337 2.041126
-2.111837 -0.433197 0.847418 1.701175
-2.108383 -0.286919 0.687439 1.905856
-2.234092 -0.337557 0.710040 1.819238
-2.095788 -0.388457 0.696753 1.974978
-2.252380 -0.380800 0.706988 1.876469
-2.232864 -0.410249 0.795010 1.918643
-2.378509 -0.419766 0.723503 1.858971
-2.394161 -0.305012 0.642235 1.946769
-2.258825 -0.442992 0.821349 1.937427
-2.571377 -0.448158 0.752381 2.057604
-2.368464 -0.153147 0.812151 1.917650
-2.451763 -0.302717 0.827510 1.841890
-2.488433 -0.356408 0.749272 1.970123
-2.533453 -0.425050 0.755736 2.023043
-2.493194 -0.559397 0.818569 1.851653
-2.664689 -0.387447 0.736191 1.921457
-2.421553 -0.402494 0.764511 2.099647
-2.468904 -0.334550 0.930636 1.932564
-2.514757 -0.218385 0.903141 1.995710
-2.652852 -0.208741 0.878917 2.059705
-2.407967 -0.373990 0.983295 2.024080
-2.654810 -0.131382 0.884583 2.040889
-2.700477 -0.264942 0.889413 2.009908
-2.649199 -0.331848 0.787278 2.135787
-2.637616 -0.282746 1.084321 1.956610
-2.855499 -0.274696 0.979486 2.122767
-2.754777 -0.311324 1.026869 2.091102
-2.737100 -0.237884 0.990254 2.012781
-2.784385 -0.363383 0.872976 2.111448
-2.821160 -0.386257 0.926726 2.010098
-2.788763 -0.246759 0.861043 1.996251
-2.772838 -0.370540 0.956559 2.182275
-2.904938 -0.215653 1.048630 2.033135
-2.756761 -0.255025 1.106581 2.045802
-2.717745 -0.290450 1.047694 2.044338
-2.640199 -0.263642 1.099825 2.051451
-2.791991 -0.394446 1.043271 2.061654
-2.864696 -0.293982 1.095716 2.121584
-2.821009 -0.488157 1.252022 2.142925
-2.701820 -0.257423 1.048768 2.027561
-2.762703 -0.381650 0.960632 2.237038
-2.955669 -0.319128 1.184910 2.081540
-2.885630 -0.322289 0.942894 2.041715
-2.833474 -0.462865 1.126209 2.246200
-2.888215 -0.338896 1.095090 2.193665
-2.608455 -0.465900 1.122781 2.208447
-2.915246 -0.407066 0.983791 2.220843
-2.754591 -0.597339 1.182098 2.383591
-2.757769 -0.561668 1.189990 2.167806
-2.955403 -0.414295 1.032211 2.237887
-3.000033 -0.536179 1.200399 2.247672
-2.823469 -0.572765 1.001872 2.420913
-2.799672 -0.769941 1.307158 2.266509
-2.764043 -0.550991 1.106205 2.271335
-2.731502 -0.711786 1.273276 2.187943
-2.893427 -0.772416 1.182977 2.186554
-2.872382 -0.629141 1.272950 2.244506
-2.753803 -0.663295 1.172399 2.334300
-2.699826 -0.685679 1.219608 2.412814
-2.766522 -0.628747 1.341901 2.255599
-2.720245 -0.799428 1.174122 2.515574
-2.829912 -0.662645 1.269665 2.342870
-2.790729 -0.683209 1.224369 2.255881
-2.771281 -0.844581 1.094095 2.463817
-2.851570 -0.968402 1.362835 2.321589
-2.752565 -0.904593 1.197638 2.306803
-2.732518 -0.899388 1.224969 2.555553
-2.938826 -0.954586 1.337233 2.482156
-2.746826 -1.068789 1.166092 2.500578
-2.749800 -0.976125 1.299932 2.309797
-2.767367 -0.980728 1.425694 2.366461
-2.603423 -0.969505 1.250522 2.528423
-2.745152 -1.069157 1.280029 2.344043
-2.673373 -1.051974 1.251806 2.416355
-2.550083 -1.073141 1.366429 2.431364
-2.699813 -1.082752 1.277202 2.515055
-2.744047 -1.287361 1.080319 2.450216
-2.627154 -1.085448 1.264977 2.578878
-2.903681 -1.072716 1.179620 2.308535
-2.743265 -1.213313 1.153386 2.444621
-2.553863 -1.161128 1.224794 2.533997
-2.742179 -1.108689 1.299722 2.492427
-2.750206 -1.289533 1.186807 2.614627
-2.659845 -1.338181 1.190352 2.581732
-2.628230 -1.335871 1.254390 2.530797
-2.562729 -1.307095 1.330924 2.595657
-2.455061 -1.267878 1.309470 2.640245
-2.559755 -1.344188 1.176952 2.483139
-2.614872 -1.408148 1.304351 2.603699
-2.530511 -1.274772 1.166977 2.766496
-2.513807 -1.270617 1.169523 2.603501
-2.647452 -1.334395 1.278836 2.509041
-2.554784 -1.204580 1.299602 2.720905
-2.565338 -1.268150 1.322779 2.659187
-2.514693 -1.317394 1.340457 2.617941
-2.490589 -1.337847 1.160792 2.660917
-2.629273 -1.205633 1.223729 2.711653
-2.511748 -1.237059 1.099190 2.760223
-2.395167 -1.344116 1.087574 2.649436
-2.267966 -1.291105 0.976205 2.614947
-2.553793 -1.258742 1.048851 2.663190
-2.421207 -1.280784 1.167712 2.693564
-2.342283 -1.215356 0.972971 2.739078
-2.416265 -1.189560 1.065921 2.698371
-2.529834 -1.366132 1.205154 2.702807
-2.343078 -1.188365 1.019843 2.661232
-2.496969 -1.244558 0.867209 2.771766
-2.487518 -1.311851 1.098688 2.633441
-2.258611 -1.369195 0.977477 2.801702
-2.285735 -1.259116 0.898415 2.730534
-2.433416 -1.329256 0.686802 2.942599
-2.373131 -1.203108 1.062358 2.754699
-2.430203 -1.207215 0.786683 2.764662
-2.444830 -1.430486 0.774645 2.772328
-2.387080 -1.245786 0.871189 2.815979
-2.261687 -1.238794 0.796189 2.805252
-2.279281 -1.326910 0.691139 2.937641
-2.215681 -1.182152 0.762121 2.861061
-2.295300 -1.315202 0.721081 2.689111
-2.295366 -1.201552 0.582224 2.889528
-2.279758 -1.161319 0.637753 2.820748
-2.422540 -1.116507 0.547625 2.854122
-2.327149 -0.993255 0.544914 2.890932
-2.282757 -1.087218 0.522518 2.656646
-2.228922 -1.121560 0.464432 2.993253
-2.431786 -1.144311 0.494515 2.875994
-2.263302 -1.015052 0.460456 2.863380
-2.195004 -0.972147 0.402580 2.896999
-2.298460 -1.097511 0.374510 2.723166
-2.166456 -1.091144 0.483759 2.806443
-2.107198 -1.060439 0.367374 3.015848
-2.191067 -1.177011 0.364880 2.994306
-2.240911 -1.181809 0.153618 2.700403
-2.062335 -1.203497 0.421246 2.832727
-2.201975 -1.090579 0.415013 2.753144
-2.255286 -1.025949 0.359763 2.866098
-2.117973 -1.018212 0.383100 2.825131
-2.192751 -1.142100 0.354130 2.803971
-2.137645 -0.915896 0.389249 2.775379
-2.133050 -0.885954 0.295713 2.812052
-1.911118 -1.011970 0.116765 2.781177
-2.165244 -0.921513 0.333812 2.982020
-2.067594 -0.904941 0.323714 2.675652
-2.377609 -1.048235 0.328575 2.877846
-2.167718 -0.983971 0.360899 2.608462
-1.940660 -1.083120 0.161250 2.859162
-1.920794 -1.004645 0.288773 2.819223
-1.913470 -0.763239 0.364155 2.773346
-2.075380 -0.936599 0.287224 2.799577
-2.131673 -1.007591 0.355245 2.742966
-2.081300 -0.836752 0.281965 2.751614
-2.114957 -0.885198 0.262136 2.557202
-1.872986 -0.898695 0.296779 2.507061
-2.095386 -0.917767 0.291762 2.677787
-1.916396 -0.872007 0.126701 2.598284
-1.947829 -0.724056 0.200276 2.765288
-2.134408 -0.849287 0.380306 2.630508
-1.953664 -1.032782 0.336551 2.587605
-2.112492 -0.969921 0.141822 2.532095
-1.886260 -0.765938 0.486959 2.609971
-2.070840 -0.883702 0.435457 2.605449
-1.997235 -0.734932 0.258496 2.496885
-2.021254 -0.880649 0.449315 2.385351
-1.882220 -0.926811 0.321342 2.325686
-1.841711 -0.789385 0.372216 2.457335
-1.921538 -0.661644 0.403500 2.346605
-1.893134 -0.816374 0.430465 2.412713
-1.873559 -0.834167 0.318841 2.367568
-1.946244 -0.627148 0.287524 2.433961
-2.045008 -0.750234 0.357749 2.152795
-1.969027 -0.865021 0.441473 2.251637
-2.107799 -0.662916 0.195151 2.233853
-1.849819 -0.824362 0.271707 2.259809
-1.852626 -0.715223 0.238515 2.287115
-1.940473 -0.835597 0.347082 2.070864
-1.902769 -0.720760 0.463282 2.156987
-2.010935 -0.699340 0.398211 2.154587
-1.940738 -0.669743 0.333496 2.020738
