# ranges to 4 beacons (m)
28.634767 16.281671 15.160299 28.996638
28.879854 16.486524 16.092186 28.568050
28.973052 16.361893 14.909146 28.757973
29.416996 16.861383 15.190410 28.464235
29.321152 17.537143 14.285150 28.819663
30.128951 17.384552 14.550163 28.427869
30.014817 17.881400 14.022478 27.813180
30.846428 18.348313 13.762839 28.237186
30.607800 17.932232 13.589662 27.183863
30.566079 18.808400 13.527292 27.397311
30.087075 18.572263 13.462525 27.354828
30.735978 19.013816 12.959156 26.416816
30.102869 18.909936 13.438230 27.296193
30.581630 19.492218 11.724857 26.828720
30.038226 19.695250 12.410329 26.368028
30.921825 20.936828 12.400392 25.666701
30.433835 19.864887 11.945744 25.522284
31.375105 22.304709 11.409998 25.928626
30.801246 21.070281 11.844858 25.037443
30.812601 21.572080 11.707306 25.062023
30.613960 22.785010 11.952092 25.529863
31.052882 21.680222 11.211403 24.173625
31.949339 22.232773 12.013779 24.351870
31.396664 22.665659 10.614816 25.160241
31.007078 22.299785 11.575235 24.033377
31.377733 23.175035 10.199962 23.348430
30.774028 23.861151 11.228795 23.745113
31.047310 23.942600 11.141674 23.116574
31.291360 23.985882 12.500099 22.526503
30.457166 24.362156 10.916121 21.601216
30.637384 25.570089 10.898189 21.514995
32.206816 24.172768 12.861470 21.926149
31.974049 24.851377 11.714623 21.757353
30.952037 25.339107 11.836857 21.613712
31.053053 25.107292 11.671331 22.032321
30.594241 25.839637 12.448914 21.193457
31.382740 25.390667 12.132448 20.513323
30.730260 26.914194 12.042658 20.511907
29.909111 27.270335 12.766078 20.036433
30.545484 26.921755 13.107864 20.641143
31.045988 26.882936 13.210174 19.861553
30.580541 27.439716 13.287540 19.137457
30.193646 27.592968 12.631932 18.262808
30.510358 27.783723 13.516809 18.778045
29.218458 27.975083 14.336976 18.694529
30.546872 27.991428 13.976450 17.898019
30.215826 27.536081 14.831565 17.261911
30.324723 28.915122 14.767989 18.539133
28.773474 28.201950 15.264203 16.453099
29.245216 28.867855 14.170948 16.811408
29.733416 28.844585 15.264865 16.139257
29.457984 28.742979 15.294787 16.616152
28.561717 27.932052 16.083907 16.012924
29.718687 28.867716 15.945209 15.675989
28.597121 28.956478 16.684244 14.658435
28.208168 29.477574 17.037523 14.806345
28.230115 29.585489 17.047587 14.630330
28.914444 30.368777 17.096259 15.510829
28.233920 30.475304 17.625157 14.431582
27.217726 29.498487 17.610073 14.573197
27.994596 30.029244 18.365231 14.304547
27.627164 30.391427 18.401003 13.504103
27.032598 29.956761 18.961412 13.843091
27.072726 30.324982 18.039441 12.081717
27.686537 30.210483 17.772638 14.073390
26.508899 29.874735 19.603928 13.054701
26.902334 31.183173 19.367690 13.134044
27.045060 31.534873 20.279511 12.103543
25.889426 30.091567 20.177478 10.917677
25.036705 31.059366 20.615267 12.059655
25.995363 31.183109 21.183680 11.770993
25.023038 30.417364 21.070328 11.649832
25.179205 31.532640 21.537176 11.844660
24.179474 31.250438 21.999574 12.138999
24.523365 29.945245 22.043109 11.744238
23.803697 31.292619 21.861688 12.229923
23.918839 30.552944 22.492831 11.388788
24.123825 31.843176 22.712287 11.614830
22.755304 30.695158 22.593273 10.812384
23.683783 30.905567 23.356293 11.349463
23.288135 31.000864 23.324605 12.036806
22.572690 31.039454 24.014883 11.554369
21.748088 32.202941 24.202671 11.622209
21.577226 31.234591 25.553156 12.214992
22.221091 30.687572 25.489716 10.617665
21.188776 31.044913 24.326031 11.300597
21.742786 30.686305 25.798249 12.866793
21.252622 31.403102 26.248669 11.586011
21.160791 30.710718 26.018179 12.422066
20.057064 29.719353 25.637672 12.658323
19.658644 31.337500 25.869752 12.159700
19.869680 30.222765 26.445071 11.669514
19.402519 30.613638 25.630924 12.182072
19.420049 30.007128 27.211489 13.120939
19.118098 30.875657 26.389266 13.560606
18.168747 30.439969 28.304869 13.096477
18.384845 29.780741 28.500699 13.053286
18.399298 30.805108 28.175263 13.923613
17.822258 29.426567 28.861920 14.127833
17.488341 29.400214 28.214740 14.228532
18.084189 29.827422 28.388667 13.973133
16.517018 29.946390 27.650046 15.278163
17.109566 29.131709 28.887304 15.695157
16.239410 29.252549 28.780265 15.453812
15.703059 29.063442 29.178860 15.366834
15.150725 28.180368 29.213259 16.498375
15.647947 28.388819 28.971435 16.015269
16.090887 29.741280 30.369294 16.533919
16.488314 28.265837 29.450539 17.215148
14.769853 28.613216 28.796371 16.564379
14.338549 27.918424 29.221514 17.059213
14.250437 28.442432 29.068682 17.643125
13.809183 28.003112 29.575423 17.401302
14.240487 26.444518 29.825005 18.043178
13.227112 27.157462 30.585701 18.742058
13.082725 26.979609 30.332447 18.882161
12.563174 27.358962 31.031891 19.865218
13.413185 26.707971 30.684924 19.363474
12.449521 26.531918 30.709511 20.328065
12.503278 25.849211 31.251882 20.149213
12.419797 26.341462 31.018912 20.531763
11.151161 26.203325 30.558192 20.393915
11.863607 26.536508 30.470299 20.912230
11.602156 25.949590 30.881262 21.333999
11.110155 25.795022 30.359370 21.744634
11.619687 25.181181 30.404717 21.650080
11.850665 25.638620 31.084962 22.470996
11.407165 24.455494 30.959476 22.372866
11.619551 24.603329 30.570088 22.402209
10.721354 23.987849 31.033752 23.101007
11.425006 22.640956 30.120623 23.204367
11.807106 23.174663 30.949214 23.972350
11.626344 22.674233 31.558784 23.367566
10.981851 22.397614 30.578836 24.069712
10.606018 22.671302 31.242989 24.200793
11.127015 21.992456 30.625827 25.259410
11.333646 21.915712 30.677262 25.451911
11.231504 21.865576 31.315800 25.099389
10.933857 21.781452 30.761179 25.689565
11.427887 21.130385 31.260154 26.157000
12.200284 21.130995 31.310836 25.378551
12.464369 20.440904 30.781817 26.050986
12.027712 19.786540 30.839133 26.124932
12.249758 19.934484 29.718397 26.338285
13.263899 20.329740 30.709305 26.694226
11.612489 19.114929 30.953360 26.718155
13.496996 19.568261 30.239257 27.178894
13.937658 18.078179 30.244162 26.578513
12.999054 19.387911 30.143927 26.581899
13.167202 17.387160 30.294124 27.943614
14.337851 18.204405 29.419908 28.111525
14.091505 18.093237 30.365689 29.098032
13.956743 16.762955 29.624332 28.250452
14.346863 16.556396 29.887300 28.235820
14.596556 16.012993 28.479125 29.316330
15.872859 16.801283 29.725867 28.533747
15.789297 15.559172 29.361466 28.588693
16.074004 16.610003 28.666388 28.876963
16.108713 14.647103 28.230710 30.052899
16.514709 14.957430 28.829102 29.199944
16.704046 14.773118 28.623249 29.913114
17.245951 15.451194 28.694867 29.729173
18.054892 14.352650 27.245151 30.245201
17.667259 14.191053 28.559515 29.751862
16.775777 14.372843 27.628565 29.607101
17.097355 14.081476 26.525749 30.818857
18.265513 13.868907 27.769950 31.227354
18.927264 13.832161 27.084579 29.628804
19.522916 12.221743 27.528141 29.968006
19.473882 13.734749 27.273507 30.487737
19.851844 12.340700 27.882269 30.311825
19.881707 12.695180 26.681874 30.988438
19.980054 12.108662 26.737447 31.257759
20.718184 12.733851 26.528423 31.306733
20.021744 12.098653 25.902294 31.688377
19.683889 11.694517 25.621585 30.461651
20.950718 12.390216 25.562323 31.983407
21.606586 10.836087 24.921945 30.847667
22.332194 11.771676 25.089360 32.243528
22.899998 10.940329 25.075541 31.171751
22.446981 12.003814 23.863437 31.641294
23.203920 10.792074 23.239235 31.155866
21.630027 11.787120 23.971637 31.927704
23.526556 11.971997 23.225800 31.467946
23.454510 11.160765 23.295676 31.390187
23.557184 11.468808 22.995289 30.523811
23.299668 11.839442 21.566914 31.108841
23.715409 12.184486 22.697989 31.335403
24.296120 10.716085 22.222318 31.133176
24.418169 10.937638 21.272083 30.521772
24.891035 11.757405 21.808391 31.052852
25.514877 11.984033 20.270104 31.135399
26.346031 10.874939 19.601886 30.885837
26.466618 11.903176 20.991518 31.078457
25.577673 11.668118 19.543819 31.619652
26.808610 12.267456 19.972445 30.391548
26.810528 12.141835 19.610201 30.404699
27.218139 12.626456 19.564161 30.065223
26.729955 12.986347 18.401248 30.442492
27.251189 12.489999 19.409365 30.633236
27.386670 12.994786 17.784531 30.833790
27.436096 12.875055 17.930316 30.484864
27.978915 13.287913 18.561953 29.438087
28.729435 14.168343 17.504892 29.907379
28.275373 14.592507 16.510477 29.532328
28.439922 15.176079 17.668494 30.580806
29.130942 14.440421 16.799109 30.195335
29.249054 15.026462 16.766337 29.284531
28.180902 15.345874 16.135076 29.117975
29.354545 15.568414 16.131036 29.597969
30.433889 15.920099 16.248114 29.179378
29.529932 16.214736 15.439270 28.793591
30.026234 16.187110 14.344793 28.472939
29.349656 16.574039 14.752469 28.303676
29.723602 16.872318 14.761441 29.582376
30.029199 17.188236 13.132480 29.165333
30.177737 17.650920 12.902350 27.970980
30.225838 17.767598 13.122880 27.137353
31.232936 18.380172 13.286693 27.658604
30.359154 17.910290 13.775927 27.343798
30.527501 19.669958 12.438670 26.845143
30.720110 19.677473 12.570386 26.738781
30.963062 20.664202 12.710359 26.417246
30.199611 19.756878 12.902187 27.990682
30.646255 20.162744 13.151511 26.509689
30.974657 21.154481 12.175575 25.640431
31.537331 19.922506 12.477725 25.894759
30.836044 20.849311 11.751418 25.439537
31.257146 21.099226 10.734487 25.418952
31.559717 20.607083 11.575474 24.942319
31.583026 21.751414 11.862882 25.245874
31.484875 22.946772 11.279906 24.698686
31.380460 22.494425 11.194718 23.962306
31.197715 21.982221 10.252571 23.592572
31.535872 23.124246 11.571561 23.541354
31.733902 22.584907 10.674164 24.131614
31.291377 23.894379 11.332221 23.067683
30.610192 22.909457 12.133872 22.261478
31.906928 24.139595 11.394692 22.897324
31.449692 23.959050 10.231980 22.226892
31.381056 24.070971 11.910811 22.170208
30.544275 24.937012 11.674217 22.205167
29.630248 23.590246 12.066237 20.929868
31.560299 25.925359 11.069708 20.864890
31.365014 25.401852 12.439735 21.884173
30.363738 25.441505 11.981617 19.698630
29.983150 25.622213 13.089436 20.616645
30.491456 25.794636 11.655237 19.904671
30.426060 26.414568 12.678974 19.855929
31.066475 26.600522 13.476094 19.986725
30.692792 27.214863 12.549795 19.176575
30.349253 26.798914 12.362283 19.275568
30.880923 27.585779 13.218509 19.810025
29.963687 27.718131 14.056319 17.847531
30.501926 28.678329 13.728764 18.182976
29.745610 28.220605 13.585302 17.769332
29.220772 26.868888 13.994631 17.259281
29.633425 28.720673 14.991684 17.356295
30.031430 28.147789 14.261768 17.162481
29.003832 28.089177 16.458437 16.646827
29.177194 28.566899 14.581738 16.465045
29.121888 29.511914 15.850355 15.868876
28.134811 29.213862 15.851314 14.676358
29.169167 28.759294 16.666628 15.424636
28.487330 29.578692 16.511138 15.241453
29.068554 28.716519 16.865806 14.563566
28.319176 30.454879 16.632790 14.846965
28.735299 30.127329 17.359353 14.496017
28.372773 29.600582 17.611532 15.234478
28.116788 30.170924 17.735128 13.481150
27.835542 30.392480 18.176027 14.989067
27.151827 29.866796 18.341138 13.369644
26.883823 30.549650 18.989579 13.512902
26.837262 31.181575 19.425695 14.362338
26.514967 30.193180 19.272897 12.915147
26.906164 31.001758 20.782213 11.618433
25.572347 30.715062 21.025178 12.725896
25.715516 30.932200 20.226567 12.080249
25.713442 30.954826 21.152871 11.797202
26.052479 31.362332 21.552518 11.442672
25.512365 30.694174 21.245560 11.783258
24.712488 31.139880 22.582821 11.861571
24.370481 30.642224 21.758951 11.061498
25.376373 30.440589 22.311029 10.630857
24.478328 30.646504 22.686435 11.863943
24.412032 31.728356 21.441641 11.357569
24.221672 31.505449 21.985827 11.454680
24.031940 31.273704 22.545800 10.948096
24.064092 31.765672 23.686968 11.561951
23.659000 31.433348 24.328740 11.804540
24.183786 30.947017 23.748705 9.866561
22.803382 32.152995 24.902355 11.703765
23.021563 31.411845 24.372195 12.467019
22.262819 31.706290 23.580496 10.315645
21.851347 30.651394 25.154659 11.271072
22.861628 31.587403 26.012233 10.596369
21.593028 30.928606 26.267759 12.071358
20.875917 30.372276 25.831945 12.486421
21.385243 30.730778 27.258835 12.591444
19.862865 30.292601 26.167193 12.017469
