# AOA angles from 4 beacons (rad)
0.774359 3.030349 -2.385971 -1.429442
0.517563 3.017181 -2.310746 -1.387691
0.360594 3.078764 -2.261228 -1.289311
0.292197 3.003950 -2.207234 -1.175817
0.238121 2.909079 -2.125998 -1.118642
0.187330 2.945971 -2.014544 -0.999061
0.173956 2.880312 -1.933570 -0.972503
0.095844 2.813036 -1.886548 -0.894115
0.072155 2.608522 -1.812481 -0.823345
0.077495 2.344360 -1.652121 -0.845693
1.084660 2.990631 -2.416451 -1.483854
0.763067 2.880450 -2.369801 -1.390053
0.698890 2.900250 -2.332830 -1.315272
0.470158 2.815595 -2.292191 -1.163210
0.367743 2.881945 -2.190625 -1.029789
0.318063 2.705753 -2.127144 -0.973615
0.328463 2.680864 -1.941750 -0.901463
0.217165 2.513184 -1.878287 -0.857079
0.227098 2.326760 -1.842140 -0.816051
0.225658 2.104380 -1.698858 -0.757790
1.290755 2.812443 -2.475380 -1.484293
0.936534 2.793165 -2.444709 -1.318278
0.744503 2.761565 -2.344272 -1.143280
0.640018 2.718964 -2.282610 -1.120398
0.558610 2.666419 -2.143689 -0.953139
0.504151 2.609893 -2.172295 -0.941298
0.323737 2.484993 -2.034417 -0.840546
0.365033 2.319441 -1.949645 -0.740018
0.319595 2.170296 -1.850950 -0.692949
0.244492 1.914015 -1.749294 -0.694336
1.315435 2.795045 -2.507136 -1.494176
1.039893 2.768552 -2.465797 -1.251398
0.917315 2.666486 -2.408292 -1.122565
0.785797 2.663186 -2.326287 -1.016615
0.723420 2.492966 -2.324556 -1.003131
0.576229 2.479920 -2.169854 -0.855902
0.511052 2.374387 -2.104872 -0.789501
0.459838 2.226032 -1.946106 -0.673573
0.412064 2.074542 -1.800577 -0.711184
0.368239 1.799707 -1.750237 -0.598271
1.343140 2.711926 -2.584168 -1.393725
1.189365 2.628951 -2.539478 -1.265941
0.989651 2.590993 -2.509844 -1.108945
0.900875 2.568061 -2.428329 -0.957826
0.798193 2.434858 -2.340348 -0.884829
0.671628 2.303747 -2.371020 -0.804370
0.620555 2.276109 -2.151463 -0.686740
0.611740 2.102911 -1.991783 -0.641368
0.533991 1.945048 -1.864675 -0.674733
0.475673 1.751677 -1.727771 -0.520911
1.353115 2.554110 -2.704044 -1.357179
1.255995 2.556997 -2.680403 -1.180111
1.111706 2.411512 -2.619220 -1.033489
0.935430 2.440216 -2.454457 -0.950745
0.853894 2.400681 -2.466757 -0.807620
0.735700 2.283118 -2.384350 -0.741515
0.688439 2.179939 -2.267126 -0.637930
0.635120 2.032583 -2.124988 -0.601602
0.586200 1.926218 -2.024266 -0.506001
0.513707 1.758637 -1.744556 -0.479876
1.431022 2.510139 -2.844243 -1.277148
1.294483 2.472829 -2.688520 -1.073282
1.142639 2.432638 -2.680389 -0.889231
1.084850 2.347640 -2.652779 -0.787386
0.971728 2.244735 -2.549317 -0.685063
0.781114 2.142115 -2.496099 -0.541693
0.778847 2.105301 -2.350675 -0.497647
0.723375 2.016619 -2.156380 -0.451760
0.702593 1.828499 -2.016646 -0.402234
0.616126 1.707983 -1.881723 -0.328169
1.447067 2.467456 -2.887698 -1.227028
1.277204 2.408828 -2.837689 -1.017264
1.204981 2.326697 -2.812247 -0.773369
1.093960 2.270542 -2.719435 -0.665923
1.058247 2.176190 -2.743700 -0.612553
0.885471 2.120276 -2.620311 -0.502996
0.847621 2.045154 -2.480503 -0.302367
0.795122 1.938458 -2.344446 -0.352340
0.756500 1.779754 -2.182178 -0.350363
0.675815 1.700670 -1.919962 -0.300343
1.433071 2.320770 -2.994199 -1.112976
1.358713 2.302590 -2.899191 -0.781818
1.203281 2.272047 -2.871925 -0.577783
1.135138 2.203469 -2.847584 -0.495643
1.074707 2.202630 -2.750143 -0.382250
0.996770 2.124434 -2.738434 -0.346361
0.867283 1.970501 -2.618057 -0.306742
0.842061 1.853105 -2.553346 -0.281716
0.749040 1.838156 -2.370588 -0.278256
0.684479 1.705020 -2.068259 -0.223727
1.464369 2.360759 -3.002181 -0.787468
1.390320 2.317517 -3.062027 -0.436553
1.293062 2.258905 -2.992974 -0.331250
1.225377 2.191082 -3.002457 -0.249317
1.136218 2.139224 -2.956386 -0.242695
1.030581 2.124721 -2.973585 -0.130266
0.997111 1.935179 -2.877444 -0.194020
0.862686 1.878079 -2.749995 -0.039527
0.823046 1.728867 -2.708576 -0.099866
0.840522 1.698717 -2.322207 -0.067305
