# GDOP for AOA
16.634800
16.051395
16.181101
16.503358
16.736541
16.736541
16.503358
16.181101
16.051395
16.634800
16.051395
14.768127
14.503938
14.665747
14.848659
14.848659
14.665747
14.503938
14.768127
16.051395
16.181101
14.503938
13.909474
13.909915
14.041570
14.041570
13.909915
13.909474
14.503938
16.181101
16.503358
14.665747
13.909915
13.836624
13.956759
13.956759
13.836624
13.909915
14.665747
16.503358
16.736541
14.848659
14.041570
13.956759
14.089172
14.089172
13.956759
14.041570
14.848659
16.736541
16.736541
14.848659
14.041570
13.956759
14.089172
14.089172
13.956759
14.041570
14.848659
16.736541
16.503358
14.665747
13.909915
13.836624
13.956759
13.956759
13.836624
13.909915
14.665747
16.503358
16.181101
14.503938
13.909474
13.909915
14.041570
14.041570
13.909915
13.909474
14.503938
16.181101
16.051395
14.768127
14.503938
14.665747
14.848659
14.848659
14.665747
14.503938
14.768127
16.051395
16.634800
16.051395
16.181101
16.503358
16.736541
16.736541
16.503358
16.181101
16.051395
16.634800
