# GDOP for TOA
1.086117
1.055847
1.035641
1.025067
1.020593
1.020593
1.025067
1.035641
1.055847
1.086117
1.055847
1.041383
1.025473
1.016013
1.011983
1.011983
1.016013
1.025473
1.041383
1.055847
1.035641
1.025473
1.013888
1.006969
1.004211
1.004211
1.006969
1.013888
1.025473
1.035641
1.025067
1.016013
1.006969
1.002211
1.000720
1.000720
1.002211
1.006969
1.016013
1.025067
1.020593
1.011983
1.004211
1.000720
1.000031
1.000031
1.000720
1.004211
1.011983
1.020593
1.020593
1.011983
1.004211
1.000720
1.000031
1.000031
1.000720
1.004211
1.011983
1.020593
1.025067
1.016013
1.006969
1.002211
1.000720
1.000720
1.002211
1.006969
1.016013
1.025067
1.035641
1.025473
1.013888
1.006969
1.004211
1.004211
1.006969
1.013888
1.025473
1.035641
1.055847
1.041383
1.025473
1.016013
1.011983
1.011983
1.016013
1.025473
1.041383
1.055847
1.086117
1.055847
1.035641
1.025067
1.020593
1.020593
1.025067
1.035641
1.055847
1.086117
