# GDOP for TDOA
0.963207
0.948623
0.944755
0.940264
0.933374
0.923061
0.908303
0.888009
0.861387
0.835657
0.948623
0.899390
0.880971
0.872030
0.864644
0.855389
0.843076
0.828909
0.819078
0.834559
0.944755
0.880971
0.851165
0.837301
0.829588
0.823081
0.816447
0.812367
0.819494
0.856653
0.940264
0.872030
0.837301
0.821677
0.815509
0.813192
0.813086
0.818102
0.836662
0.883740
0.933374
0.864644
0.829588
0.815509
0.812982
0.815978
0.822355
0.834582
0.860243
0.911940
0.923061
0.855389
0.823081
0.813192
0.815978
0.824974
0.837465
0.855267
0.885289
0.939350
0.908303
0.843076
0.816447
0.813086
0.822355
0.837465
0.855308
0.877091
0.909324
0.964484
0.888009
0.828909
0.812367
0.818102
0.834582
0.855267
0.877091
0.900716
0.932236
0.986180
0.861387
0.819078
0.819494
0.836662
0.860243
0.885289
0.909324
0.932236
0.958411
1.004231
0.835657
0.834559
0.856653
0.883740
0.911940
0.939350
0.964484
0.986180
1.004231
1.026427
