# x (m), y (m)
2.000000 2.000000
3.777778 2.000000
5.555556 2.000000
7.333333 2.000000
9.111111 2.000000
10.888889 2.000000
12.666667 2.000000
14.444444 2.000000
16.222222 2.000000
18.000000 2.000000
2.000000 3.777778
3.777778 3.777778
5.555556 3.777778
7.333333 3.777778
9.111111 3.777778
10.888889 3.777778
12.666667 3.777778
14.444444 3.777778
16.222222 3.777778
18.000000 3.777778
2.000000 5.555556
3.777778 5.555556
5.555556 5.555556
7.333333 5.555556
9.111111 5.555556
10.888889 5.555556
12.666667 5.555556
14.444444 5.555556
16.222222 5.555556
18.000000 5.555556
2.000000 7.333333
3.777778 7.333333
5.555556 7.333333
7.333333 7.333333
9.111111 7.333333
10.888889 7.333333
12.666667 7.333333
14.444444 7.333333
16.222222 7.333333
18.000000 7.333333
2.000000 9.111111
3.777778 9.111111
5.555556 9.111111
7.333333 9.111111
9.111111 9.111111
10.888889 9.111111
12.666667 9.111111
14.444444 9.111111
16.222222 9.111111
18.000000 9.111111
2.000000 10.888889
3.777778 10.888889
5.555556 10.888889
7.333333 10.888889
9.111111 10.888889
10.888889 10.888889
12.666667 10.888889
14.444444 10.888889
16.222222 10.888889
18.000000 10.888889
2.000000 12.666667
3.777778 12.666667
5.555556 12.666667
7.333333 12.666667
9.111111 12.666667
10.888889 12.666667
12.666667 12.666667
14.444444 12.666667
16.222222 12.666667
18.000000 12.666667
2.000000 14.444444
3.777778 14.444444
5.555556 14.444444
7.333333 14.444444
9.111111 14.444444
10.888889 14.444444
12.666667 14.444444
14.444444 14.444444
16.222222 14.444444
18.000000 14.444444
2.000000 16.222222
3.777778 16.222222
5.555556 16.222222
7.333333 16.222222
9.111111 16.222222
10.888889 16.222222
12.666667 16.222222
14.444444 16.222222
16.222222 16.222222
18.000000 16.222222
2.000000 18.000000
3.777778 18.000000
5.555556 18.000000
7.333333 18.000000
9.111111 18.000000
10.888889 18.000000
12.666667 18.000000
14.444444 18.000000
16.222222 18.000000
18.000000 18.000000
