# TDOA range differences relative to beacon 0 (m)
-15.477447 -22.757635 -15.269559
-12.156444 -19.919990 -14.213520
-8.624426 -17.137902 -12.891975
-5.306436 -14.491377 -11.770278
-1.675107 -11.702499 -10.817594
1.839826 -9.271795 -9.999748
5.094851 -6.726246 -9.278455
8.611465 -4.291896 -8.534963
12.028185 -2.055088 -8.055083
15.356095 -0.093362 -7.365618
-14.110419 -20.009814 -12.047248
-11.278021 -17.452772 -11.432585
-8.180621 -14.918883 -10.229157
-4.982894 -12.225862 -9.537850
-1.712269 -9.793102 -8.838970
1.658263 -7.145597 -7.967661
5.099415 -4.562802 -7.404738
8.194020 -2.255176 -6.644579
11.322767 0.064394 -6.490411
14.069215 2.014349 -5.738958
-12.924199 -17.151624 -8.425910
-10.494244 -15.217425 -8.228239
-7.728924 -12.387096 -7.328738
-4.668945 -10.024897 -7.136757
-1.547631 -7.417640 -6.478750
1.579222 -4.805633 -6.039160
4.606132 -2.352682 -5.233036
7.465859 0.086383 -4.984395
10.603223 2.260757 -4.491067
13.008335 4.437655 -4.168121
-11.832059 -14.530585 -5.289534
-9.759879 -12.391570 -4.909724
-6.975828 -9.984480 -4.717664
-4.347658 -7.522242 -4.180994
-1.271893 -5.053702 -3.896583
1.291042 -2.706063 -3.570178
4.247472 0.019678 -3.194987
6.765906 2.300112 -2.937304
9.494115 4.436687 -2.867718
11.652246 6.705747 -2.634092
-10.880785 -11.856943 -1.636276
-8.726439 -9.566984 -1.746906
-6.435914 -7.223925 -1.442348
-4.021565 -5.007298 -1.172551
-1.397993 -2.447599 -1.204310
1.163333 0.136386 -1.111800
3.751275 2.445320 -1.090613
6.317825 4.987226 -1.030188
8.697602 7.125352 -1.088726
10.828583 9.078170 -0.878669
-9.974968 -9.134216 1.667645
-7.938327 -7.096083 1.597048
-5.731083 -4.728853 1.527695
-3.659360 -2.451508 1.593430
-1.177153 -0.177496 1.364380
1.255122 2.410727 1.224846
3.531548 5.011142 1.127452
6.119634 7.377121 0.817370
8.217537 9.691804 0.898418
9.855885 11.767983 0.894691
-9.194668 -6.783482 5.060854
-7.328710 -4.346480 5.010834
-5.301105 -2.218101 4.585445
-3.373403 -0.091516 4.245322
-1.122714 2.539801 3.906006
0.998333 4.998314 3.688415
3.321821 7.548300 3.331913
5.498958 9.909452 2.826263
7.262138 12.537336 2.957422
9.250200 14.443008 2.395231
-8.495584 -4.235311 8.568310
-6.765845 -2.212436 8.191681
-4.851972 0.105922 7.721829
-3.136668 2.336028 7.020991
-0.983733 4.739705 6.358470
0.743770 7.457242 6.020845
3.202753 10.015072 5.555554
4.902567 12.661647 4.954651
6.784883 15.011094 4.504516
8.503089 16.985252 4.045339
-7.995682 -2.018225 12.195010
-6.180460 -0.067602 11.227477
-4.596409 2.089156 10.435822
-2.725964 4.721083 9.365475
-0.955377 7.087690 8.743060
1.018747 9.695769 8.100908
2.606559 12.377637 7.411398
4.586969 14.902462 6.779751
6.307706 17.660784 6.185422
7.959908 19.994304 5.902431
-7.356047 0.035272 15.359025
-5.805212 2.114125 14.080148
-4.235981 4.228206 12.899565
-2.569986 6.612454 11.939890
-0.782183 9.171248 10.751027
0.906502 11.585081 9.945852
2.558224 14.554334 9.140862
4.129736 17.151517 8.337510
5.882493 19.963057 7.897389
7.363110 22.561812 7.467703
