# ranges to 4 beacons (m)
2.858899 18.806772 26.330889 18.204827
4.352309 17.151648 25.144119 18.438912
6.026845 15.366796 23.836205 18.802626
7.519792 13.685187 22.922996 19.425112
9.339709 11.892908 21.924441 20.196907
11.007151 10.100527 21.124041 20.950715
12.788717 8.354934 20.322304 21.990968
14.598103 6.767150 19.606905 23.124715
16.393120 5.119183 19.258700 24.221546
18.020222 3.590611 19.040693 25.420218
4.317972 19.215935 24.971980 16.200439
5.360512 17.478293 23.877605 16.739804
6.781834 15.708068 22.373934 17.045590
8.275976 13.936726 21.340129 17.741551
9.857884 12.502395 20.350898 18.703995
11.435309 10.756420 19.444216 19.522207
13.375929 9.065204 18.590896 20.610248
14.807844 7.381503 18.112241 21.893381
16.655781 6.126240 17.490051 23.082435
18.358749 5.166120 17.012406 24.234458
5.882205 19.662089 23.896695 14.473810
6.659248 17.978709 22.641600 14.857382
7.680969 16.129282 21.440454 15.347245
9.101422 14.606909 20.089356 16.242852
10.718449 13.125514 18.904486 17.113065
12.262827 11.394990 17.766649 18.208058
13.857808 10.005354 16.970158 19.201273
15.438796 8.481070 16.308787 20.600264
17.205414 7.691550 15.848032 21.764923
18.720009 6.782826 15.363184 23.196162
7.752292 20.300260 22.740206 12.722218
8.279642 18.609964 21.423054 13.379641
9.143013 17.080751 20.118469 13.854725
10.265046 15.423831 18.861517 14.561973
11.751143 14.160815 17.483146 15.402750
13.048636 12.539695 16.455521 16.731290
14.712346 11.193821 15.489339 17.842904
16.282327 9.800801 14.501789 19.063403
17.795846 9.184564 14.027233 20.497925
19.475789 8.297115 13.671059 21.996990
9.309116 21.007413 21.873490 11.203105
9.898140 19.600822 20.545569 11.532540
10.512339 17.670591 18.777205 12.178375
11.714264 16.465019 17.469737 13.234434
12.879379 14.980855 16.121266 14.240926
14.291451 13.501916 14.964335 15.200133
15.845143 12.539219 13.872092 16.750171
17.009053 11.561077 13.187136 17.991929
18.631543 10.819734 12.289425 19.443759
20.095890 9.959394 11.788416 21.062064
11.109543 21.892951 21.004189 9.531548
11.559032 20.342985 19.329167 9.953281
12.250446 18.798974 17.896874 10.525813
13.020836 17.575102 16.602832 11.578070
14.069789 16.156854 14.945837 12.966317
15.453328 15.074189 13.729867 14.029336
16.775045 13.952214 12.434333 15.748220
18.225208 12.920184 11.230017 17.238984
19.595827 12.378053 10.513822 18.675640
20.998251 12.055821 10.110624 20.341336
12.654393 22.808342 20.146264 7.566935
13.245257 21.310278 18.471077 8.332786
13.956609 19.959490 16.955834 9.152197
14.411155 18.630701 15.358091 10.138864
15.708019 17.406067 13.836992 11.751586
16.582074 16.246754 12.564306 13.092954
17.941630 15.513064 11.056883 14.524379
19.292323 14.469450 9.775380 16.299550
20.544493 13.928707 9.050350 17.772834
22.054353 13.748556 8.464707 19.510508
14.755148 24.014960 19.663361 6.039654
14.922318 22.700771 18.036570 6.719463
15.527109 21.266656 16.097316 7.844474
16.237303 20.140355 14.741435 9.186884
17.015083 18.920089 12.984043 10.695706
18.091854 17.880982 11.459534 12.345661
19.178996 17.142124 10.183846 13.797843
20.512658 16.205261 8.753642 15.439804
21.527318 15.796948 7.420116 17.002918
23.074379 15.410135 6.603802 18.910268
16.367601 25.126160 19.081051 4.157333
16.600520 23.700848 17.460151 5.311410
17.132404 22.679842 15.668070 6.924348
17.740543 21.480406 14.133771 8.392835
18.589105 20.526088 12.308630 9.904642
19.596825 19.290634 10.654475 11.619631
20.615249 18.309701 9.087494 12.853179
21.945306 17.946956 7.559122 15.091978
23.034122 17.459754 6.114305 16.645675
24.275776 17.191382 4.921458 18.415110
18.197826 26.403772 19.090207 2.959908
18.319233 24.989947 17.208436 4.274829
18.787765 23.713528 15.277744 5.802487
19.498120 22.599303 13.587146 7.383148
20.121755 21.837159 11.969652 9.272264
20.951377 20.920781 10.182300 10.975476
22.025083 20.277624 8.413004 12.868062
23.124540 19.782352 6.696856 14.562560
24.172736 19.335692 5.098905 16.329920
25.428174 18.851161 3.629278 18.190264
