# ranges to 4 beacons (m)
2.858899 18.006772 25.530889 18.204827
4.352309 16.351648 24.344119 18.438912
6.026845 14.566796 23.036205 18.802626
7.519792 12.885187 22.122996 19.425112
9.339709 11.092908 21.124441 20.196907
11.007151 9.300527 20.324041 20.950715
12.788717 7.554934 19.522304 21.990968
14.598103 5.967150 18.806905 23.124715
16.393120 4.319183 18.458700 24.221546
18.020222 2.790611 18.240693 25.420218
4.317972 18.415935 24.171980 16.200439
5.360512 16.678293 23.077605 16.739804
6.781834 14.908068 21.573934 17.045590
8.275976 13.136726 20.540129 17.741551
9.857884 11.702395 19.550898 18.703995
11.435309 9.956420 18.644216 19.522207
13.375929 8.265204 17.790896 20.610248
14.807844 6.581503 17.312241 21.893381
16.655781 5.326240 16.690051 23.082435
18.358749 4.366120 16.212406 24.234458
5.882205 18.862089 23.096695 14.473810
6.659248 17.178709 21.841600 14.857382
7.680969 15.329282 20.640454 15.347245
9.101422 13.806909 19.289356 16.242852
10.718449 12.325514 18.104486 17.113065
12.262827 10.594990 16.966649 18.208058
13.857808 9.205354 16.170158 19.201273
15.438796 7.681070 15.508787 20.600264
17.205414 6.891550 15.048032 21.764923
18.720009 5.982826 14.563184 23.196162
7.752292 19.500260 21.940206 12.722218
8.279642 17.809964 20.623054 13.379641
9.143013 16.280751 19.318469 13.854725
10.265046 14.623831 18.061517 14.561973
11.751143 13.360815 16.683146 15.402750
13.048636 11.739695 15.655521 16.731290
14.712346 10.393821 14.689339 17.842904
16.282327 9.000801 13.701789 19.063403
17.795846 8.384564 13.227233 20.497925
19.475789 7.497115 12.871059 21.996990
9.309116 20.207413 21.073490 11.203105
9.898140 18.800822 19.745569 11.532540
10.512339 16.870591 17.977205 12.178375
11.714264 15.665019 16.669737 13.234434
12.879379 14.180855 15.321266 14.240926
14.291451 12.701916 14.164335 15.200133
15.845143 11.739219 13.072092 16.750171
17.009053 10.761077 12.387136 17.991929
18.631543 10.019734 11.489425 19.443759
20.095890 9.159394 10.988416 21.062064
11.109543 21.092951 20.204189 9.531548
11.559032 19.542985 18.529167 9.953281
12.250446 17.998974 17.096874 10.525813
13.020836 16.775102 15.802832 11.578070
14.069789 15.356854 14.145837 12.966317
15.453328 14.274189 12.929867 14.029336
16.775045 13.152214 11.634333 15.748220
18.225208 12.120184 10.430017 17.238984
19.595827 11.578053 9.713822 18.675640
20.998251 11.255821 9.310624 20.341336
12.654393 22.008342 19.346264 7.566935
13.245257 20.510278 17.671077 8.332786
13.956609 19.159490 16.155834 9.152197
14.411155 17.830701 14.558091 10.138864
15.708019 16.606067 13.036992 11.751586
16.582074 15.446754 11.764306 13.092954
17.941630 14.713064 10.256883 14.524379
19.292323 13.669450 8.975380 16.299550
20.544493 13.128707 8.250350 17.772834
22.054353 12.948556 7.664707 19.510508
14.755148 23.214960 18.863361 6.039654
14.922318 21.900771 17.236570 6.719463
15.527109 20.466656 15.297316 7.844474
16.237303 19.340355 13.941435 9.186884
17.015083 18.120089 12.184043 10.695706
18.091854 17.080982 10.659534 12.345661
19.178996 16.342124 9.383846 13.797843
20.512658 15.405261 7.953642 15.439804
21.527318 14.996948 6.620116 17.002918
23.074379 14.610135 5.803802 18.910268
16.367601 24.326160 18.281051 4.157333
16.600520 22.900848 16.660151 5.311410
17.132404 21.879842 14.868070 6.924348
17.740543 20.680406 13.333771 8.392835
18.589105 19.726088 11.508630 9.904642
19.596825 18.490634 9.854475 11.619631
20.615249 17.509701 8.287494 12.853179
21.945306 17.146956 6.759122 15.091978
23.034122 16.659754 5.314305 16.645675
24.275776 16.391382 4.121458 18.415110
18.197826 25.603772 18.290207 2.959908
18.319233 24.189947 16.408436 4.274829
18.787765 22.913528 14.477744 5.802487
19.498120 21.799303 12.787146 7.383148
20.121755 21.037159 11.169652 9.272264
20.951377 20.120781 9.382300 10.975476
22.025083 19.477624 7.613004 12.868062
23.124540 18.982352 5.896856 14.562560
24.172736 18.535692 4.298905 16.329920
25.428174 18.051161 2.829278 18.190264
