# bearings to 4 beacons (rad)
-2.297012 -0.864695 0.870188 2.374148
-2.249173 -0.822672 0.754282 2.385155
-2.305177 -0.869432 0.722157 2.441289
-2.333389 -0.858656 0.606760 2.470109
-2.189852 -1.037159 0.788423 2.499751
-2.428281 -0.994280 0.909205 2.527535
-2.408057 -0.884789 0.817413 2.406575
-2.471751 -0.958905 0.692071 2.525538
-2.284827 -0.985890 0.975004 2.556265
-2.354845 -1.039723 0.871106 2.536585
-2.362106 -1.115252 0.786639 2.510047
-2.331352 -1.113065 0.710311 2.567881
-2.575405 -1.004024 0.720544 2.720419
-2.437650 -1.139718 0.974251 2.606923
-2.373481 -1.164141 0.712870 2.595725
-2.514170 -1.203356 0.768226 2.477612
-2.444759 -0.978446 0.855753 2.564543
-2.327110 -1.108963 0.784990 2.775848
-2.472078 -1.285868 0.822954 2.692233
-2.359925 -1.068498 1.039882 2.969340
-2.517601 -1.122904 0.971274 2.613083
-2.622608 -1.156818 1.126734 2.615852
-2.378480 -1.173337 0.938345 2.760969
-2.402097 -1.162722 0.897933 2.859555
-2.462092 -1.178904 0.992585 2.683393
-2.295862 -1.276938 1.066877 2.634981
-2.495294 -1.264759 1.047370 2.763784
-2.448282 -1.154148 1.221244 2.834168
-2.448458 -1.388398 1.183340 2.676116
-2.520305 -1.325666 1.122986 2.776824
-2.424459 -1.295153 1.021103 2.636978
-2.511650 -1.124324 1.173629 2.850347
-2.608326 -1.206864 1.142034 2.601814
-2.629316 -1.319850 1.197419 2.609915
-2.593656 -1.275919 1.154392 2.682142
-2.429822 -1.090265 1.194170 2.694776
-2.524816 -1.257719 1.148580 2.692693
-2.570503 -1.254596 1.325918 2.598513
-2.653361 -1.264230 1.113708 2.587640
-2.549828 -1.127313 1.135058 2.557440
-2.647843 -1.297928 1.354774 2.547073
-2.695098 -1.209379 1.292225 2.672780
-2.583553 -1.219048 1.265650 2.615082
-2.663393 -1.121582 1.331686 2.518625
-2.702830 -1.129571 1.278391 2.421497
-2.625513 -1.124201 1.299086 2.644139
-2.731360 -1.190116 1.371097 2.456337
-2.650818 -1.204955 1.351627 2.432102
-2.656265 -1.063143 1.290427 2.360299
-2.668406 -1.276859 1.323927 2.464861
-2.677702 -1.184695 1.400933 2.477544
-2.713371 -1.073988 1.277856 2.541081
-2.754020 -0.857537 1.053624 2.370909
-2.780378 -1.032044 1.154878 2.442879
-2.647564 -0.989959 1.429126 2.323616
-2.707041 -1.018209 1.298119 2.340404
-2.712603 -0.827255 1.228853 2.360292
-2.730428 -0.722629 1.208663 2.339510
-2.713188 -0.867809 1.126160 2.471006
-2.810543 -0.775415 1.129409 2.513097
-2.704237 -0.978971 1.246182 2.439012
-2.815388 -0.753765 1.229712 2.371255
-2.738011 -0.801722 1.224932 2.403145
-2.667698 -0.933692 1.097376 2.258902
-2.697340 -0.813798 1.215325 2.352755
-2.567848 -0.737361 1.099659 2.333940
-2.620362 -0.690517 0.986597 2.224589
-2.673711 -0.733841 1.151832 2.441480
-2.687634 -0.733549 1.068869 2.335133
-2.751236 -0.756326 0.964359 2.478826
-2.621009 -0.723871 0.983867 2.348952
-2.589020 -0.954071 0.885247 2.339352
-2.509972 -0.888039 0.947051 2.353164
-2.409307 -0.632615 0.856563 2.350010
-2.312678 -0.725805 0.941221 2.326507
-2.557167 -0.970814 0.816424 2.386341
-2.241744 -0.861011 0.892801 2.425188
-2.414508 -0.777892 0.647944 2.272894
-2.449130 -0.827516 0.757940 2.441836
-2.300061 -0.835495 0.722719 2.467172
-2.104687 -0.977268 0.669789 2.369773
-2.284107 -0.765881 0.655147 2.353115
-2.218115 -0.769516 0.703203 2.532956
-2.108478 -0.775663 0.806966 2.254124
-2.183130 -0.722334 0.819007 2.276814
-2.296017 -0.842116 0.648987 2.381069
-2.110589 -0.707365 0.582967 2.428019
-2.183608 -0.821049 0.646937 2.272369
-2.270786 -0.769201 0.697950 2.355864
-2.127333 -0.816960 0.532942 2.294664
-2.256836 -0.665083 0.553079 2.250353
-2.065152 -0.769563 0.449887 2.243166
-2.019821 -0.665083 0.381003 2.258473
-2.152742 -0.822414 0.511214 2.274580
-1.996119 -0.581047 0.690598 2.320388
-1.945979 -0.826957 0.328040 2.391107
-1.942532 -0.761813 0.418706 2.259140
-1.934416 -0.654225 0.452496 2.225094
-1.986998 -0.886224 0.553476 2.363876
-1.957058 -0.730707 0.402880 2.143712
-1.926014 -0.755041 0.521323 2.106659
-1.895409 -0.708452 0.395998 2.155590
-1.977099 -0.744271 0.321698 2.009907
-1.869611 -0.668289 0.439147 2.136942
-1.809228 -0.734566 0.472925 2.023535
-1.901082 -0.615408 0.330195 2.156508
-1.832831 -0.627958 0.568952 2.027774
-1.827880 -0.527381 0.578726 2.057796
-1.942390 -0.779618 0.460599 2.028496
-1.801180 -0.678725 0.375094 1.817832
-1.858077 -0.673456 0.327724 2.013177
-1.754205 -0.716825 0.393603 1.859441
-2.059288 -0.447173 0.275089 1.956325
-1.874626 -0.613712 0.516886 1.928371
-1.928314 -0.721245 0.574520 1.780967
-1.811792 -0.668334 0.589285 2.162423
-2.012199 -0.555949 0.579725 1.785046
-1.993485 -0.511559 0.511616 1.865544
-1.928990 -0.536622 0.478622 1.840699
-1.834099 -0.540106 0.615851 1.898769
-2.097378 -0.457862 0.551639 1.856434
-1.850946 -0.627020 0.616955 2.040378
-1.918088 -0.525073 0.737303 1.694255
-1.906431 -0.375336 0.579452 1.893592
-2.024476 -0.422852 0.603999 1.802430
-1.879057 -0.471039 0.592433 1.954402
-2.029076 -0.461151 0.604132 1.852880
-2.003507 -0.488922 0.693325 1.892774
-2.143566 -0.497388 0.622670 1.831544
-2.154026 -0.382281 0.541910 1.918490
-2.013795 -0.520674 0.721165 1.908998
-2.321635 -0.527089 0.651955 2.029720
-2.114063 -0.234226 0.711081 1.891007
-2.192620 -0.386904 0.725386 1.817186
-2.224334 -0.444720 0.645672 1.948062
-2.264054 -0.518556 0.650231 2.004337
-2.218046 -0.659211 0.710725 1.837024
-2.383255 -0.494725 0.625571 1.911640
-2.133238 -0.518420 0.650677 2.095390
-2.173084 -0.460333 0.813152 1.934631
-2.210807 -0.355248 0.781575 2.004878
-2.340175 -0.357909 0.752839 2.076765
-2.086017 -0.536681 0.852285 2.049835
-2.323113 -0.308793 0.748227 2.076153
-2.358648 -0.458232 0.747308 2.055500
-2.296951 -0.542130 0.639035 2.192527
-2.274769 -0.511066 0.929564 2.025314
-2.481981 -0.522020 0.817856 2.204240
-2.370625 -0.578519 0.858027 2.186129
-2.342453 -0.525705 0.813881 2.122117
-2.379485 -0.672455 0.688779 2.235808
-2.406342 -0.717064 0.734441 2.150145
-2.364445 -0.599627 0.660437 2.152584
-2.339514 -0.745628 0.747435 2.355414
-2.463170 -0.612946 0.830831 2.223510
-2.307172 -0.674327 0.879998 2.253738
-2.261009 -0.731382 0.812266 2.270044
-2.177031 -0.725642 0.855550 2.295008
-2.323145 -0.876772 0.790208 2.323009
-2.390955 -0.795719 0.833997 2.400538
-2.343178 -1.008227 0.981856 2.439131
-2.220724 -0.794594 0.770448 2.340522
-2.279181 -0.934549 0.674544 2.566110
-2.470568 -0.886255 0.891542 2.425933
-2.399805 -0.902033 0.642838 2.400502
-2.347781 -1.053516 0.820173 2.618325
-2.403513 -0.938665 0.783902 2.577956
-2.125598 -1.072931 0.807387 2.603627
-2.435086 -1.019454 0.665264 2.625546
-2.277975 -1.213143 0.861630 2.796375
-2.285536 -1.178927 0.868891 2.587171
-2.488386 -1.031044 0.711896 2.662287
-2.539053 -1.150460 0.882376 2.675530
-2.369338 -1.182645 0.687721 2.850638
-2.353192 -1.373523 0.998505 2.696505
-2.326003 -1.146430 0.804694 2.700015
-2.302678 -1.297300 0.980532 2.613739
-2.474580 -1.346298 0.900566 2.607928
-2.464261 -1.189772 1.002343 2.659959
-2.357137 -1.209154 0.914927 2.742379
-2.315328 -1.215351 0.976429 2.812119
-2.394888 -1.140928 1.113963 2.644790
-2.362146 -1.292934 0.962144 2.893374
-2.486000 -1.136410 1.074118 2.708073
-2.461630 -1.136285 1.045472 2.607353
-2.457593 -1.276138 0.931820 2.800502
-2.553863 -1.377719 1.216922 2.642507
-2.471376 -1.291051 1.067621 2.611057
-2.468349 -1.262459 1.110199 2.842328
-2.692140 -1.293822 1.236916 2.750717
-2.518045 -1.383807 1.079319 2.750276
-2.539302 -1.266592 1.225714 2.540063
-2.575480 -1.246345 1.362992 2.576808
-2.430422 -1.209997 1.198276 2.718444
-2.591258 -1.284253 1.237179 2.513409
-2.538745 -1.241401 1.217315 2.564812
-2.434818 -1.236609 1.339295 2.558732
-2.603939 -1.219948 1.256474 2.621221
-2.667525 -1.397950 1.065104 2.535136
-2.569868 -1.169066 1.254441 2.642570
-2.865440 -1.128981 1.173001 2.351075
-2.723799 -1.241832 1.149985 2.466140
-2.552823 -1.161512 1.223982 2.534678
-2.759130 -1.080573 1.300935 2.472499
-2.784631 -1.232602 1.189547 2.574361
-2.711144 -1.252195 1.194182 2.521440
-2.695715 -1.220701 1.258931 2.450826
-2.645630 -1.162750 1.335853 2.496386
-2.552526 -1.094535 1.314516 2.522082
-2.670847 -1.142222 1.181891 2.346516
-2.738578 -1.178148 1.309004 2.449070
-2.665740 -1.017557 1.171206 2.594336
-2.659393 -0.987234 1.173229 2.414300
-2.802164 -1.026113 1.281952 2.303305
-2.717323 -0.872874 1.302093 2.499150
-2.734349 -0.914671 1.324637 2.421941
-2.688768 -0.943937 1.341697 2.365739
-2.668276 -0.946315 1.161450 2.394300
-2.809082 -0.797993 1.223857 2.431167
-2.692165 -0.815308 1.098854 2.466416
-2.574658 -0.910240 1.086849 2.342859
-2.444993 -0.847047 0.975172 2.296147
-2.726825 -0.806375 1.047595 2.332716
-2.588734 -0.821887 1.166315 2.351959
-2.502828 -0.751595 0.971511 2.386879
-2.568402 -0.722480 1.064470 2.336110
-2.672200 -0.897147 1.203773 2.331005
-2.474390 -0.718752 1.018582 2.280398
-2.616039 -0.775461 0.866102 2.382396
-2.593268 -0.844281 1.097756 2.236015
-2.350080 -0.904036 0.976728 2.396679
-2.362097 -0.797130 0.897843 2.318348
-2.493986 -0.871091 0.686393 2.523660
-2.417369 -0.749304 1.062089 2.329384
-2.457721 -0.758216 0.786531 2.333311
-2.455389 -0.986642 0.774590 2.335241
-2.380590 -0.807367 0.871223 2.373408
-2.238202 -0.805993 0.796318 2.357397
-2.238990 -0.899853 0.691397 2.484642
-2.158897 -0.760903 0.762568 2.402991
-2.222451 -0.899771 0.721815 2.225971
-2.206983 -0.791898 0.583383 2.421240
-2.176459 -0.757359 0.639520 2.347145
-2.305021 -0.718117 0.550229 2.374945
-2.196167 -0.600275 0.548631 2.405827
-2.139121 -0.699458 0.527672 2.165156
-2.073479 -0.738800 0.471390 2.494820
-2.265414 -0.766308 0.503687 2.369958
-2.086896 -0.641542 0.472289 2.348985
-2.009474 -0.602842 0.417554 2.373399
-2.104721 -0.732111 0.393132 2.189442
-1.965422 -0.729332 0.506557 2.261617
-1.899780 -0.701884 0.394893 2.458910
-1.978168 -0.821373 0.397674 2.424240
-2.023428 -0.828740 0.192244 2.116222
-1.841153 -0.852641 0.466259 2.233513
-1.977971 -0.741576 0.466958 2.138088
-2.029324 -0.678436 0.419173 2.234539
-1.890913 -0.671825 0.450490 2.176602
-1.965443 -0.796477 0.429988 2.138232
-1.910935 -0.570680 0.474035 2.092448
-1.907785 -0.540793 0.389855 2.112226
-1.688144 -0.666523 0.220653 2.065045
-1.945414 -0.575448 0.447795 2.250463
-1.851769 -0.557944 0.448098 1.929834
-2.166662 -0.700010 0.463619 2.119198
-1.962542 -0.634241 0.506812 1.838650
-1.742165 -0.731636 0.318192 2.080064
-1.729919 -0.651184 0.456851 2.032889
-1.731182 -0.407614 0.543423 1.981967
-1.902678 -0.578655 0.477683 2.005448
-1.969594 -0.647219 0.556842 1.948456
-1.930918 -0.473884 0.494596 1.959137
-1.977388 -0.519815 0.485644 1.769189
-1.749383 -0.530833 0.530958 1.725939
-1.986941 -0.547518 0.536359 1.905959
-1.824334 -0.499523 0.381416 1.838112
-1.873402 -0.349553 0.464767 2.019075
-2.078883 -0.473049 0.654190 1.900490
-1.918310 -0.655163 0.619409 1.875934
-2.098563 -0.591348 0.433202 1.840832
-1.894970 -0.386913 0.786376 1.941073
-2.103338 -0.504803 0.742399 1.960760
-2.054577 -0.356816 0.572427 1.878132
-2.104368 -0.504051 0.769678 1.794132
-1.991874 -0.552543 0.647563 1.763467
-1.978479 -0.418339 0.703703 1.925446
-2.085772 -0.294787 0.739652 1.846236
-2.084939 -0.454749 0.770669 1.944915
-2.092775 -0.478889 0.662477 1.933256
-2.192440 -0.279403 0.633969 2.033913
-2.317483 -0.411272 0.706377 1.787664
-2.266822 -0.536155 0.791656 1.921954
-2.429721 -0.345515 0.546264 1.940040
-2.194472 -0.519847 0.623126 2.002188
-2.218443 -0.425056 0.589623 2.065920
-2.325760 -0.561279 0.697267 1.886251
-2.305742 -0.463816 0.811940 2.009051
-2.429761 -0.461315 0.744748 2.043369
-2.373568 -0.452190 0.677327 1.946237
