# x (m), y (m), vx (m/s), vy (m/s)
0.000000 0.000000 4.000000 4.000000
0.399893 0.399573 3.996800 3.987207
0.799147 0.796591 3.987207 3.948909
1.197122 1.188513 3.971235 3.885352
1.593182 1.572833 3.948909 3.796942
1.986693 1.947092 3.920266 3.684244
2.377026 2.308896 3.885352 3.547980
2.763556 2.655931 3.844222 3.389020
3.145666 2.985977 3.796942 3.208383
3.522742 3.296923 3.743587 3.007223
3.894183 3.586780 3.684244 2.786827
4.259395 3.853694 3.619007 2.548605
4.617792 4.095958 3.547980 2.294080
4.968801 4.312021 3.471277 2.024881
5.311862 4.500502 3.389020 1.742730
5.646425 4.660195 3.301342 1.449431
5.971954 4.790079 3.208383 1.146861
6.287930 4.889323 3.110291 0.836955
6.593847 4.957292 3.007223 0.521695
6.889214 4.993551 2.899344 0.203098
7.173561 4.997868 2.786827 -0.116798
7.446431 4.970216 2.669851 -0.435947
7.707389 4.910772 2.548605 -0.752307
7.956016 4.819915 2.423281 -1.063856
8.191916 4.698227 2.294080 -1.368599
8.414710 4.546487 2.161209 -1.664587
8.624042 4.365665 2.024881 -1.949928
8.819578 4.156917 1.885313 -2.222797
9.001004 3.921580 1.742730 -2.481446
9.168031 3.661157 1.597358 -2.724224
9.320391 3.377316 1.449431 -2.949575
9.457840 3.071871 1.299185 -3.156059
9.580159 2.746777 1.146861 -3.342355
9.687151 2.404113 0.992702 -3.507272
9.778646 2.046071 0.836955 -3.649753
9.854497 1.674941 0.679869 -3.768889
9.914583 1.293097 0.521695 -3.863917
9.958808 0.902981 0.362686 -3.934229
9.987101 0.507090 0.203098 -3.979376
9.999417 0.107955 0.043184 -3.999068
9.995736 -0.291871 -0.116798 -3.993179
9.976064 -0.689829 -0.276594 -3.961748
9.940432 -1.083375 -0.435947 -3.904975
9.888898 -1.469992 -0.594603 -3.823224
9.821543 -1.847205 -0.752307 -3.717017
9.738476 -2.212602 -0.908808 -3.587034
9.639830 -2.563847 -1.063856 -3.434106
9.525762 -2.898691 -1.217201 -3.259211
9.396455 -3.214994 -1.368599 -3.063469
9.252115 -3.510731 -1.517807 -2.848131
9.092974 -3.784012 -1.664587 -2.614574
8.919287 -4.033089 -1.808705 -2.364294
8.731330 -4.256367 -1.949928 -2.098890
8.529405 -4.452419 -2.088033 -1.820060
8.313835 -4.619991 -2.222797 -1.529588
8.084964 -4.758010 -2.354004 -1.229331
7.843159 -4.865595 -2.481446 -0.921212
7.588807 -4.942056 -2.604919 -0.607199
7.322314 -4.986905 -2.724224 -0.289303
7.044108 -4.999855 -2.839170 0.030444
6.754632 -4.980823 -2.949575 0.349996
6.454350 -4.929931 -3.055261 0.667309
6.143743 -4.847503 -3.156059 0.980354
5.823306 -4.734069 -3.251808 1.287128
5.493554 -4.590352 -3.342355 1.585669
5.155014 -4.417273 -3.427555 1.874067
4.808226 -4.215939 -3.507272 2.150477
4.453746 -3.987637 -3.581377 2.413131
4.092142 -3.733827 -3.649753 2.660350
3.723990 -3.456134 -3.712291 2.890552
3.349882 -3.156333 -3.768889 3.102264
2.970414 -2.836343 -3.819458 3.294131
2.586193 -2.498209 -3.863917 3.464928
2.197836 -2.144096 -3.902195 3.613561
1.805963 -1.776268 -3.934229 3.739080
1.411200 -1.397077 -3.959970 3.840681
1.014180 -1.008951 -3.979376 3.917715
0.615537 -0.614370 -3.992415 3.969689
0.215910 -0.215859 -3.999068 3.996271
-0.184063 0.184032 -3.999322 3.997290
-0.583741 0.582746 -3.993179 3.972740
-0.982486 0.977733 -3.980648 3.922778
-1.379659 1.366465 -3.961748 3.847723
-1.774624 1.746457 -3.936510 3.748057
-2.166751 2.115277 -3.904975 3.624415
-2.555411 2.470567 -3.867193 3.477590
-2.939983 2.810053 -3.823224 3.308520
-3.319852 3.131565 -3.773138 3.118287
-3.694410 3.433046 -3.717017 2.908107
-4.063057 3.712566 -3.654949 2.679325
-4.425204 3.968339 -3.587034 2.433405
-4.780272 4.198728 -3.513380 2.171920
-5.127693 4.402260 -3.434106 1.896541
-5.466910 4.577632 -3.349338 1.609031
-5.797382 4.723723 -3.259211 1.311229
-6.118579 4.839598 -3.163871 1.005039
-6.429987 4.924517 -3.063469 0.692421
-6.731109 4.977935 -2.958166 0.375373
-7.021463 4.999511 -2.848131 0.055925
-7.300584 4.989108 -2.733539 -0.263882
-7.568025 4.946791 -2.614574 -0.582000
-7.823359 4.872832 -2.491427 -0.896396
-8.066177 4.767703 -2.364294 -1.205058
-8.296092 4.632077 -2.233378 -1.506011
-8.512734 4.466822 -2.098890 -1.797331
-8.715758 4.272995 -1.961043 -2.077155
-8.904838 4.051834 -1.820060 -2.343691
-9.079673 3.804756 -1.676164 -2.595236
-9.239982 3.533340 -1.529588 -2.830181
-9.385509 3.239324 -1.380564 -3.047022
-9.516021 2.924586 -1.229331 -3.244372
-9.631309 2.591141 -1.076132 -3.420970
-9.731190 2.241122 -0.921212 -3.575684
-9.815503 1.876767 -0.764817 -3.707527
-9.884113 1.500407 -0.607199 -3.815654
-9.936910 1.114450 -0.448610 -3.899374
-9.973811 0.721364 -0.289303 -3.958152
-9.994755 0.323663 -0.129533 -3.991611
-9.999710 -0.076107 0.030444 -3.999537
-9.988668 -0.475391 0.190372 -3.981879
-9.961646 -0.871634 0.349996 -3.938751
-9.918688 -1.262301 0.509060 -3.870429
-9.859861 -1.644894 0.667309 -3.777349
-9.785261 -2.016966 0.824491 -3.660107
-9.695007 -2.376135 0.980354 -3.519453
-9.589243 -2.720106 1.134649 -3.356286
-9.468138 -3.046677 1.287128 -3.171651
-9.331886 -3.353759 1.437548 -2.966727
-9.180705 -3.639389 1.585669 -2.742827
-9.014837 -3.901740 1.731253 -2.501382
-8.834547 -4.139132 1.874067 -2.243937
-8.640123 -4.350049 2.013883 -1.972138
-8.431877 -4.533139 2.150477 -1.687725
-8.210142 -4.687234 2.283631 -1.392515
-7.975273 -4.811345 2.413131 -1.088398
-7.727645 -4.904681 2.538772 -0.777320
-7.467654 -4.966644 2.660350 -0.461269
-7.195717 -4.996837 2.777673 -0.142267
-6.912268 -4.995067 2.890552 0.177644
-6.617761 -4.961346 2.998806 0.496420
-6.312666 -4.895889 3.102264 0.812019
-5.997473 -4.799115 3.200758 1.122425
-5.672686 -4.671643 3.294131 1.425651
-5.338823 -4.514289 3.382235 1.719758
-4.996419 -4.328058 3.464928 2.002864
-4.646022 -4.114143 3.542078 2.273159
-4.288192 -3.873911 3.613561 2.528913
-3.923502 -3.608900 3.679264 2.768490
-3.552536 -3.320804 3.739080 2.990359
-3.175886 -3.011466 3.792914 3.193100
-2.794155 -2.682865 3.840681 3.375416
-2.407954 -2.337102 3.882304 3.536141
-2.017901 -1.976391 3.917715 3.674246
-1.624620 -1.603037 3.946859 3.788849
-1.228740 -1.219429 3.969689 3.879216
-0.830894 -0.828021 3.986168 3.944769
-0.431719 -0.431316 3.996271 3.985090
-0.031853 -0.031853 3.999980 3.999919
0.368064 0.367814 3.997290 3.989162
0.767392 0.765129 3.988205 3.952889
1.165492 1.157549 3.972740 3.891330
1.561728 1.542565 3.950919 3.804880
1.955465 1.917714 3.922778 3.694092
2.346074 2.280596 3.888361 3.559675
2.732930 2.628890 3.847723 3.402488
3.115414 2.960368 3.800930 3.223536
3.492913 3.272909 3.748057 3.023965
3.864825 3.564516 3.689187 2.805050
4.230554 3.833321 3.624415 2.568193
4.589515 4.077606 3.553845 2.314908
4.941134 4.295809 3.477590 2.046816
5.284847 4.486533 3.395771 1.765631
5.620107 4.648559 3.308520 1.473152
5.946375 4.780849 3.215976 1.171250
6.263130 4.882559 3.118287 0.861856
6.569866 4.953037 3.015609 0.546949
6.866091 4.991832 2.908107 0.228543
7.151332 4.998697 2.795953 -0.091324
7.425133 4.973587 2.679325 -0.410608
7.687055 4.916663 2.558412 -0.727265
7.936679 4.828289 2.433405 -1.039269
8.173606 4.709030 2.304506 -1.344627
8.397457 4.559650 2.171920 -1.641383
8.607874 4.381104 2.035859 -1.927639
8.804520 4.174534 1.896541 -2.201566
8.987081 3.941260 1.754189 -2.461410
9.155264 3.682777 1.609031 -2.705509
9.308801 3.400735 1.461299 -2.932303
9.447446 3.096941 1.311229 -3.140339
9.570977 2.773337 1.159061 -3.328288
9.679197 2.431993 1.005039 -3.494948
9.771932 2.075093 0.849410 -3.639252
9.849033 1.704919 0.692421 -3.760277
9.910379 1.323840 0.534325 -3.857249
9.955870 0.934292 0.375373 -3.929547
9.985433 0.538768 0.215822 -3.976711
9.999023 0.139798 0.055925 -3.998436
9.996615 -0.260066 -0.104062 -3.994586
9.978216 -0.658267 -0.263882 -3.965183
9.943853 -1.052257 -0.423279 -3.910417
9.893582 -1.439517 -0.582000 -3.830638
9.827484 -1.817568 -0.739790 -3.726356
9.745664 -2.183993 -0.896396 -3.598237
9.648253 -2.536448 -1.051568 -3.447103
9.535406 -2.872678 -1.205058 -3.273918
9.407306 -3.190533 -1.356619 -3.079792
9.264155 -3.487980 -1.506011 -2.865965
9.106184 -3.763115 -1.652993 -2.633806
8.933644 -4.014180 -1.797331 -2.384800
8.746813 -4.239567 -1.938794 -2.120539
8.545989 -4.437835 -2.077155 -1.842714
8.331493 -4.607717 -2.212192 -1.553102
8.103669 -4.748124 -2.343691 -1.253556
7.862880 -4.858160 -2.471441 -0.945990
7.609512 -4.937121 -2.595236 -0.632374
7.343971 -4.984500 -2.714880 -0.314713
7.066681 -4.999996 -2.830181 0.004962
6.778086 -4.983509 -2.940954 0.324604
6.478647 -4.935145 -3.047022 0.642171
6.168844 -4.855212 -3.148215 0.955629
5.849172 -4.744222 -3.244372 1.262975
5.520143 -4.602886 -3.335339 1.562242
5.182282 -4.432107 -3.420970 1.851516
4.836131 -4.232978 -3.501128 2.128947
4.482243 -4.006772 -3.575684 2.392760
4.121185 -3.754936 -3.644521 2.641267
3.753533 -3.479082 -3.707527 2.872879
3.379877 -3.180973 -3.764602 3.086114
3.000814 -2.862517 -3.815654 3.279609
2.616950 -2.525751 -3.860603 3.452126
2.228899 -2.172828 -3.899374 3.602561
1.837283 -1.806007 -3.931908 3.729951
1.442727 -1.427633 -3.958152 3.833483
1.045863 -1.040128 -3.978063 3.912494
0.647327 -0.645969 -3.991611 3.966477
0.247754 -0.247678 -3.998772 3.995089
-0.152215 0.152197 -3.999537 3.998146
-0.551940 0.551098 -3.993903 3.975629
-0.950782 0.946475 -3.981879 3.927681
-1.348103 1.335797 -3.963486 3.854609
-1.743268 1.716575 -3.938751 3.756881
-2.135644 2.086372 -3.907716 3.635122
-2.524603 2.442824 -3.870429 3.490111
-2.909523 2.783650 -3.826950 3.322774
-3.289789 3.106670 -3.777349 3.134183
-3.664791 3.409818 -3.721705 2.925544
-4.033931 3.691155 -3.660107 2.698192
-4.396618 3.948881 -3.592654 2.453580
-4.752270 4.181348 -3.519453 2.193274
-5.100320 4.387068 -3.440622 1.918939
-5.440211 4.564726 -3.356286 1.632328
-5.771399 4.713186 -3.266581 1.335277
-6.093353 4.831497 -3.171651 1.029684
-6.405560 4.918903 -3.071646 0.717504
-6.707519 4.974845 -2.966727 0.400736
-6.998747 4.998965 -2.857063 0.081403
-7.278779 4.991108 -2.742827 -0.238450
-7.547166 4.951325 -2.624204 -0.556777
-7.803480 4.879871 -2.501382 -0.871543
-8.047309 4.777203 -2.374559 -1.180735
-8.278265 4.643976 -2.243937 -1.482373
-8.495977 4.481044 -2.109725 -1.774530
-8.700097 4.289449 -1.972138 -2.055335
-8.890299 4.070415 -1.831396 -2.322994
-9.066279 3.825345 -1.687725 -2.575793
-9.227754 3.555806 -1.541353 -2.812116
-9.374467 3.263522 -1.392515 -3.030451
-9.506183 2.950362 -1.241450 -3.229401
-9.622691 2.618330 -1.088398 -3.407694
-9.723805 2.269550 -0.933606 -3.564190
-9.809362 1.906252 -0.777320 -3.697887
-9.879227 1.530761 -0.619790 -3.807930
-9.933287 1.145479 -0.461269 -3.893616
-9.971456 0.752869 -0.302009 -3.954395
-9.993673 0.355443 -0.142267 -3.989880
-9.999902 -0.044257 0.017703 -3.999843
-9.990133 -0.443673 0.177644 -3.984221
-9.964383 -0.840251 0.337302 -3.943114
-9.922691 -1.231455 0.496420 -3.876784
-9.865125 -1.614781 0.654743 -3.785656
-9.791777 -1.987778 0.812019 -3.670312
-9.702765 -2.348061 0.967997 -3.531491
-9.598230 -2.693324 1.122425 -3.370081
-9.478339 -3.021358 1.275058 -3.187114
-9.343286 -3.330067 1.425651 -2.983759
-9.193285 -3.617474 1.573963 -2.761320
-9.028577 -3.881742 1.719758 -2.521217
-8.849425 -4.121179 1.862801 -2.264986
-8.656116 -4.334256 2.002864 -1.994268
-8.448959 -4.519608 2.139723 -1.710793
-8.228286 -4.676050 2.273159 -1.416375
-7.994449 -4.802581 2.402958 -1.112897
-7.747823 -4.898392 2.528913 -0.802300
-7.488801 -4.962870 2.650822 -0.486572
-7.217800 -4.995602 2.768490 -0.167730
-6.935251 -4.996380 2.881730 0.152184
-6.641607 -4.965198 2.990359 0.471124
-6.337338 -4.902256 3.094205 0.787051
-6.022931 -4.807956 3.193100 1.097944
-5.698889 -4.682901 3.286887 1.401813
