# ranges to 4 beacons (m)
20.693211 21.683486 20.562114 21.055082
21.351990 21.609404 21.211516 20.791314
21.862119 21.216424 19.744382 21.167732
22.724036 21.456824 19.741716 21.083031
23.045032 21.881183 18.554420 21.670612
24.266403 21.483113 18.540963 21.534360
24.560488 21.738467 17.739985 21.198581
25.792946 21.965816 17.213771 21.924569
25.945853 21.309962 16.782203 21.195753
26.284505 21.943966 16.471019 21.755461
26.172972 21.461096 16.168333 22.080027
27.174816 21.649199 15.439183 21.528734
26.878618 21.283080 15.705788 22.813265
27.676899 21.592356 13.794370 22.768060
27.434409 21.509771 14.297265 22.745387
28.599253 22.451425 14.121209 22.496448
28.371935 21.063734 13.517832 22.817419
29.552569 23.170644 12.851614 23.700819
29.196194 21.585017 13.175066 23.297089
29.402753 21.716416 12.945893 23.818313
29.376804 22.539054 13.119473 24.790865
29.965845 21.023623 12.328502 23.946369
30.989948 21.144949 13.101885 24.642434
30.542710 21.126035 11.695413 25.973838
30.236767 20.288026 12.669802 25.374426
30.669833 20.671276 11.329750 25.220627
30.108008 20.846228 12.414587 26.151485
30.403463 20.398268 12.403535 26.059520
30.650917 19.895034 13.857124 26.007818
29.802400 19.709034 12.386192 25.622106
29.951692 20.340481 12.497749 26.076065
31.474794 18.354201 14.605320 27.027384
31.181544 18.433298 13.615747 27.398078
30.086187 18.313049 13.906275 27.792544
30.102313 17.467038 13.917989 28.747106
29.548384 17.581362 14.879598 28.441193
30.232855 16.513073 14.751731 28.290083
29.468723 17.418624 14.852866 28.812750
28.529548 17.160883 15.767285 28.855315
29.042722 16.205351 16.297902 29.970831
29.415992 15.569415 16.584664 29.693532
28.820347 15.541875 16.839934 29.461854
28.301280 15.126591 16.353574 29.068312
28.484760 14.767593 17.397008 30.051842
27.059394 14.430956 18.363091 30.422247
28.254858 13.943990 18.133986 30.063686
27.792044 13.012864 19.104282 29.847922
27.770953 13.946384 19.138026 31.526240
26.092027 12.820522 19.712207 29.820408
26.438885 13.108941 18.676222 30.536393
26.805430 12.745529 19.805519 30.197795
26.411985 12.342995 19.847910 30.982565
25.401748 11.271917 20.625739 30.660042
26.449195 11.989442 20.451329 30.575221
25.222978 11.902973 21.129765 29.779861
24.734706 12.292291 21.397297 30.118812
24.663178 12.312091 21.296411 30.101562
25.260448 13.050815 21.209097 31.107546
24.499927 13.155922 21.577356 30.119633
23.411529 12.220162 21.377587 30.317689
24.124802 12.833565 21.924844 30.069991
23.703284 13.318903 21.730554 29.254560
23.065131 13.046666 22.040011 29.542320
23.073237 13.615233 20.847688 27.693330
23.667721 13.737539 20.292823 29.561004
22.484631 13.673512 21.820229 28.382098
22.887695 15.286975 21.266352 28.265322
23.056338 15.975330 21.849009 27.003275
21.944086 14.898575 21.408660 25.551069
21.153326 16.261033 21.501470 26.392694
22.193539 16.805698 21.720823 25.770608
21.323244 16.485233 21.256972 25.284037
21.602618 18.068190 21.374544 25.082711
20.747775 18.274051 21.491544 24.951536
21.258490 17.475235 21.196161 24.103430
20.727578 19.345178 20.684813 24.109607
21.053118 19.142100 20.997402 22.764603
21.489553 20.980751 20.911891 22.464342
20.372637 20.390742 20.503498 21.115211
21.571688 21.166497 20.994496 21.087378
21.464098 21.832215 20.709644 21.193841
21.052450 22.444046 21.166831 20.116900
20.545399 24.181350 21.142520 19.579031
20.703643 23.785187 22.302510 19.557378
21.685801 23.806558 22.070495 17.339408
20.998462 24.726385 20.760183 17.398043
21.901537 24.922323 22.107482 18.338861
21.761872 26.183776 22.454209 16.434191
22.019312 26.024306 22.140564 16.650414
21.260984 25.552371 21.696571 16.273444
21.201504 27.674844 21.883829 15.170719
21.742522 27.047844 22.431883 14.088039
21.594001 27.908515 21.606853 14.022152
21.916589 27.752668 23.191714 14.399013
21.904031 29.051688 22.387757 14.295438
21.226508 29.025439 24.334414 13.309082
21.695158 28.753886 24.572950 12.766838
21.941387 30.143623 24.300801 13.163330
21.574054 29.107773 25.050332 12.920840
21.426705 29.401227 24.474701 12.603692
22.185131 30.125322 24.728032 11.960837
20.755927 30.518380 24.075932 12.910091
21.461426 29.955276 25.406177 13.003997
20.679026 30.305613 25.398011 12.472948
20.205270 30.324498 25.900850 12.130008
19.690616 29.628617 26.044400 13.039325
20.201051 30.004290 25.916207 12.367365
20.633387 31.504936 27.431772 12.729800
20.997222 30.159667 26.634396 13.286373
19.223193 30.620319 26.104871 12.541105
18.715522 30.023068 26.657485 12.969903
18.531579 30.630105 26.634476 13.514292
17.976508 30.260550 27.272863 13.257299
18.277622 28.759722 27.655326 13.906024
17.119419 29.519695 28.549473 14.631304
16.817411 29.379382 28.429499 14.814790
16.129389 29.788001 29.261231 15.855589
16.802109 29.159172 29.044655 15.423285
15.654437 28.999292 29.196750 16.466353
15.519631 28.327817 29.862682 16.372371
15.245241 28.827331 29.748193 16.843583
13.785592 28.693384 29.399678 16.795654
14.309172 29.028493 29.416468 17.402686
13.863248 28.441964 29.923304 17.909612
13.193387 28.286891 29.487165 18.399597
13.533836 27.672219 29.606825 18.376465
13.606589 28.128999 30.348624 19.258899
13.017696 26.945821 30.270643 19.210557
13.099352 27.094598 29.913452 19.276303
12.086743 26.481403 30.392804 19.996636
12.693760 25.138466 29.477721 20.105374
12.998232 25.678122 30.285670 20.861485
12.759838 25.185964 30.854962 20.226695
12.078448 24.920295 29.814264 20.880033
11.686942 25.208004 30.396487 20.943057
12.213734 24.546699 29.675642 21.914153
12.447651 24.491526 29.601211 21.999682
12.394107 24.467576 30.091426 21.520992
12.166018 24.414922 29.365910 21.966289
12.750066 23.801354 29.671467 22.270859
13.632320 23.846327 29.506427 21.312517
14.025386 23.208369 28.739768 21.789217
13.736037 22.614881 28.538083 21.652991
14.122850 22.833475 27.137710 21.643353
15.318293 23.310212 27.829234 21.765296
13.863734 22.188781 27.755208 21.546215
15.959601 22.748439 26.705531 21.757089
16.625025 21.378623 26.358718 20.902282
15.923419 22.823467 25.892111 20.649089
16.339561 20.973454 25.662899 21.754561
17.767887 21.957681 24.397971 21.669104
17.787518 22.030154 24.943577 22.407672
17.925569 20.900357 23.794515 21.320108
18.593805 20.911044 23.644262 21.075912
19.125311 20.601278 21.819429 21.939636
20.685455 21.638919 22.648209 20.955259
20.886039 20.660880 21.866714 20.825432
21.453425 21.989191 20.757605 20.947763
21.767541 20.315560 19.913167 21.978157
22.447845 20.925024 20.110279 21.001346
22.904549 21.047528 19.512817 21.613347
23.705051 22.037664 19.204668 21.351626
24.762005 21.253779 17.389164 21.813661
24.610020 21.406619 18.353813 21.290227
23.940092 21.899677 17.091271 21.139100
24.467464 21.913366 15.676978 22.367795
25.824066 21.996550 16.631758 22.815887
26.655415 22.243148 15.680902 21.278747
27.400423 20.900596 15.884740 21.700174
27.479227 22.662977 15.417910 22.321824
27.962359 21.496905 15.843710 22.266323
28.073705 22.055184 14.491242 23.080584
28.228980 21.645668 14.427219 23.503519
28.998761 22.418628 14.132603 23.720819
28.308133 21.899750 13.456335 24.284275
27.949849 21.578488 13.162298 23.251686
29.169766 22.321881 13.127768 24.978807
29.752165 20.778792 12.551294 24.058649
30.377832 21.687587 12.822728 25.679384
30.819472 20.790721 12.953782 24.840935
30.214469 21.749383 11.927905 25.551509
30.794155 20.393251 11.531508 25.314144
29.018435 21.204390 12.533210 26.340475
30.689396 21.166220 12.097753 26.141097
30.368992 20.093496 12.518330 26.329107
30.201585 20.102612 12.607857 25.733424
29.653427 20.138197 11.607158 26.593614
29.759214 20.113685 13.201900 27.099351
30.011978 18.243109 13.223816 27.179840
29.789460 18.032026 12.802759 26.854191
29.902548 18.391097 13.897280 27.673515
30.152838 18.131598 12.943502 28.046187
30.598103 16.513775 12.883199 28.087959
30.321896 17.013694 14.901160 28.572372
29.026657 16.233901 14.099130 29.404992
29.843170 16.275387 15.187653 28.467033
29.423849 15.582209 15.496403 28.768055
29.404664 15.493067 16.129336 28.713107
28.485311 15.276543 15.650284 29.370408
28.572112 14.204713 17.344114 29.835479
28.270924 14.138538 16.403875 30.303382
27.882385 13.455927 17.230254 30.213509
27.986807 13.317488 18.535698 29.416141
28.299280 13.661603 18.142990 30.123827
27.408225 13.567708 17.800927 29.974786
27.137483 13.654571 19.596889 31.235530
27.395500 12.446439 19.348788 31.047251
27.083444 12.586870 19.918542 30.317279
25.588479 12.489875 19.869122 30.313975
26.339168 12.327229 20.424493 30.938491
26.999927 12.326616 21.076996 30.644639
25.682280 12.303155 20.778224 30.362857
25.770351 11.992572 20.167309 30.124645
24.691609 12.132269 21.031080 30.015557
24.670134 12.219286 21.467940 31.331603
24.587798 12.359846 20.238133 30.928667
24.356717 12.682726 20.378112 29.724924
24.034429 12.694566 20.939615 28.858316
24.681372 13.236477 21.415388 29.323066
23.458754 12.729142 22.187907 28.928478
23.290755 14.483464 21.105807 28.327170
23.160740 14.516526 21.465302 28.095859
23.096076 15.558383 21.806621 27.627822
22.041333 14.734377 22.174492 29.034108
22.214326 15.250287 22.575858 27.366378
22.288011 16.377266 21.729423 26.292006
22.616135 15.304135 22.140129 26.324198
21.701603 16.411729 21.503152 25.631302
21.931773 16.862658 20.558138 25.359111
22.066562 16.589966 21.455516 24.618662
21.945875 17.970341 21.785717 24.648006
21.727913 19.416430 21.233880 23.818114
21.528012 19.227536 21.170102 22.792511
21.273962 18.989499 20.241513 22.129069
21.564554 20.414346 21.568004 21.781735
21.738021 20.164399 20.673737 22.075577
21.292899 21.767717 21.332093 20.717049
20.629760 21.078972 22.132589 19.620195
21.963596 22.605491 21.391990 19.971458
21.560688 22.719419 20.228582 19.024604
21.561570 23.121821 21.908214 18.701722
20.807292 24.272306 21.674478 18.482731
19.986411 23.201956 22.071764 16.967704
22.017821 25.803537 21.083060 16.679141
21.929622 25.534712 22.463438 17.492841
21.038662 25.815518 22.018002 15.121519
20.769150 26.222214 23.140502 15.875293
21.386881 26.603946 21.722540 15.022292
21.426940 27.415120 22.763546 14.857344
22.166645 27.773006 23.578388 14.898301
21.884037 28.538870 22.669659 14.026159
21.621476 28.253093 22.498954 14.092417
22.222333 29.147997 23.370635 14.624725
21.361003 29.365638 24.221992 12.691909
21.940590 30.387927 23.905571 13.089990
21.210013 29.968815 23.770387 12.772940
20.694485 28.632121 24.184756 12.394278
21.099433 30.475396 25.183304 12.658116
21.472374 29.870685 24.451093 12.666969
20.402244 29.757307 26.641495 12.389963
20.515736 30.157849 24.754426 12.482643
20.383585 31.003940 26.008489 12.196249
19.303282 30.586020 25.990656 11.347964
20.228846 29.991564 26.782904 12.473709
19.423683 30.652084 26.600041 12.699646
19.868290 29.613169 26.922986 12.460594
18.970443 31.158131 26.653826 13.210278
19.227873 30.621797 27.339714 13.350502
18.698241 29.872202 27.546518 14.602196
18.268708 30.206983 27.619808 13.381112
17.809605 30.181636 28.005159 15.437054
16.945992 29.399080 28.109088 14.378059
16.498450 29.816446 28.690231 15.090669
16.275225 30.175594 29.052355 16.514832
15.781754 28.908416 28.818203 15.644161
16.009954 29.433434 30.238042 14.922168
14.524079 28.859565 30.382560 16.598991
14.528932 28.787007 29.475603 16.513827
14.405106 28.518429 30.282665 16.778955
14.641776 28.634151 30.551117 16.956958
14.021469 27.674478 30.099906 17.811232
13.166303 27.829706 31.278720 18.381337
12.796539 27.043299 30.281054 18.048282
13.804707 26.555264 30.642833 18.057208
12.941293 26.477689 30.810296 19.699952
12.944098 27.279476 29.338808 19.571109
12.859168 26.780408 29.636489 20.011670
12.812769 26.276862 29.929152 19.812773
13.027417 26.501843 30.781289 20.697167
12.844903 25.907807 31.111493 21.172062
13.632921 25.165529 30.196640 19.427387
12.556627 26.121856 30.991633 21.418440
13.119688 25.137936 30.078521 22.295958
12.746163 25.197148 28.879261 20.219451
12.759539 23.915286 30.021090 21.210854
14.233332 24.633413 30.421551 20.534052
13.465729 23.766720 30.195340 21.969981
13.285741 23.013476 29.253488 22.310426
14.366808 23.187117 30.150529 22.306948
13.449160 22.577283 28.505884 21.592522
