# pressure (Pa)
101322.503237
101331.061509
101314.831695
101325.668275
101327.728281
101335.293575
101313.574931
101326.712327
101317.993693
101330.928730
101333.311588
101337.600210
101323.231492
101335.138297
101338.816322
101314.991615
101333.244678
101336.222174
101326.692265
101319.283696
101336.721145
101319.788839
101328.165295
101329.478086
101335.730122
101325.199259
101324.941882
101331.415851
101338.881352
101349.335245
101319.180917
101333.968321
101322.957808
101340.004756
101324.549754
101326.864425
101327.750589
101332.057946
101335.455525
101336.941579
101333.227457
101322.835694
101339.497924
101333.452354
101343.369858
101328.613582
101321.656355
101334.400942
101345.238898
101336.356458
101333.668716
101328.499950
101349.721000
101327.617669
101330.246427
101340.804408
101321.589973
101346.828310
101341.818008
101344.210614
101341.673416
101336.110612
101329.084925
101336.659411
101330.167401
101342.047178
101344.800176
101350.347757
101341.694120
101346.302602
101336.714184
101335.449780
101343.249330
101336.551425
101341.979232
101331.518024
101333.135622
101345.452260
101347.642098
101332.842161
101346.270390
101336.820880
101341.391311
101352.770537
101348.069789
101348.150966
101357.227593
101336.498688
101334.414340
101336.695135
101340.606025
101323.974688
101341.319857
101338.790030
101349.583102
101346.297913
101338.837618
101348.526601
101349.755824
101337.983233
101340.348351
101326.649645
101335.886326
101338.829948
101345.520168
101337.519939
101341.130567
101335.589732
101346.914488
101349.103491
101349.067884
101346.098020
101333.819692
101341.336761
101343.185011
101343.363130
101347.334317
101358.282712
101353.517997
101339.262857
101352.730913
101352.565712
101341.133260
101354.510133
101346.572490
101336.711057
101351.766367
101349.993371
101346.568053
101348.220505
101342.896954
101353.659036
101348.557580
101350.362804
101352.013204
101340.043060
101342.247972
101331.843982
101354.161580
101340.064864
101350.940795
101352.964623
101354.930800
101340.593877
101349.817524
101363.812628
101364.275228
101358.568374
101353.477560
101342.843333
101356.738462
101349.829357
101355.680517
101346.235029
101350.014515
101352.810074
101353.564741
101355.640623
101347.152303
101341.133303
101364.970262
101371.977103
101355.732202
101341.649342
101346.142831
101356.487112
101363.227538
101342.878588
101351.668805
101354.311329
101359.739551
101350.151808
101340.466432
101358.021497
101362.123882
101352.537009
101356.510511
101349.542131
101346.639967
101361.684257
101356.638131
101357.525033
101365.681530
101345.286997
101349.369250
101355.107247
101349.386187
101360.221287
101352.511091
101346.122697
101354.640389
101355.526761
101361.689920
101357.404578
101357.994181
101356.911473
101352.886057
101348.703348
101356.783635
101351.846319
101368.066848
101365.321233
101359.680552
101357.678193
101353.977958
101344.622364
101353.010251
101355.577652
101356.627475
101358.572031
101362.208844
101349.321977
101349.414154
101366.503704
101361.081336
101351.802490
101354.084681
101354.132911
101355.218006
101358.756206
101375.262550
101356.507063
101360.294736
101341.505613
101351.120240
101364.830509
101358.217597
101319.883778
101360.385038
101370.332862
101339.013518
101367.127648
101332.787208
101362.455688
101354.869890
101336.125231
101358.478565
101364.099182
101357.785104
101359.532715
101351.539314
101339.918779
101360.320528
101368.757913
101363.769343
101338.801052
101342.554817
101347.874697
101341.865655
101354.928552
101357.686491
101343.059829
101360.680134
101359.231751
101349.996024
101352.958065
101338.695345
101351.589740
101354.259573
101355.501706
101357.132549
101356.003857
101351.882145
101356.232011
101361.902853
101353.065347
101356.311420
101352.221217
101348.475038
101357.769272
101349.080159
101356.545481
101353.615300
101350.889346
101350.625864
101349.114845
101339.940834
101356.096463
101354.810368
101359.678683
101348.551633
101367.886967
101349.605268
101345.560187
101344.528149
101338.521472
101364.567761
101363.187832
101356.936480
101344.871711
101366.439146
101349.042519
101349.610023
101363.164955
101356.841517
101369.081112
101353.362828
101348.096279
101346.276280
101336.291667
101348.734515
101360.014406
101355.541450
101350.805101
101342.573770
101352.237593
101358.413241
101353.643373
101351.417159
101343.592050
101356.788382
101324.677693
101352.676494
101370.055900
101337.304738
101347.317981
101349.061677
101345.299153
101357.164490
101352.525620
101349.835771
101354.865753
101348.490637
101373.663466
101349.302111
101349.519251
101334.137789
101343.337355
101356.726298
101336.724840
101330.008162
101347.386181
101357.951572
101347.181552
101344.009325
101331.685180
101350.024826
101351.549659
101331.857227
101355.037944
101351.936824
101354.718347
101350.175571
101350.583383
101349.365247
101351.991830
101330.337584
101332.721795
101338.683868
101343.374076
101347.357492
101346.688669
101352.865951
101352.954031
101336.623037
101345.345868
101336.488848
101341.598874
101345.511648
101315.499212
101361.889586
101346.960769
101337.492888
101357.505646
101339.134578
101342.800697
101337.669313
101354.607063
101340.375340
101342.234389
101350.491289
101345.363889
101340.068965
101349.207098
101360.451308
101342.501459
101340.714260
101340.962478
101349.897467
101334.436316
101336.818530
101326.560014
101329.202425
101334.344112
101337.851502
101352.263501
101342.209974
101330.435970
101331.718699
101348.349866
101346.173490
101337.193943
101333.236086
101345.582739
101328.443072
101339.331790
101354.182131
101337.448479
101329.405005
101338.696560
101331.456763
101323.866629
101340.430078
101343.566220
101331.937577
101331.207771
101326.333508
101332.626482
101329.126524
101325.336293
101348.360578
101336.753441
101337.398539
101339.684073
101338.582293
101328.905889
101334.187602
101329.651009
101335.106701
101334.127936
101328.128232
101320.349928
101331.948726
101328.938903
101315.244038
101334.222006
101337.676892
101349.974209
101326.410748
101325.023381
101320.250246
101330.587085
101330.328640
101322.011688
101326.894413
101312.256159
101335.287980
101321.502873
101327.182268
101315.837062
101322.382762
101324.595744
101326.532939
101330.251839
101337.717223
101331.856896
101333.483061
101337.145076
101329.924377
101324.863509
101333.020506
101333.322133
101329.717045
101312.681981
101317.377837
101321.701245
101329.927660
101323.310597
101332.367069
101333.584849
101332.447250
101332.289246
101314.140120
101326.088430
101317.158524
101308.617782
101319.302255
101331.991797
101324.871890
101337.120669
101322.188470
101340.145693
101321.776299
101320.329057
101309.707415
101328.620606
101315.512928
101314.147640
101329.368235
101328.178828
101327.764411
101315.605731
101317.891030
101317.615906
101324.151127
101330.116087
101320.429687
101333.080954
101324.257069
101314.999193
101323.305750
101330.122457
101332.260540
101325.569077
101316.079496
101313.941154
101320.084310
101328.669069
101318.549420
101318.517999
101315.095898
101311.865062
101312.995101
101315.180095
101327.646529
101311.789603
101313.934344
101306.397121
101318.860455
101323.868684
101325.739666
101314.179631
101316.957187
101310.944205
101316.207637
101314.306725
101312.073279
101312.522007
101314.848831
101308.694382
101308.922455
101324.336844
101332.178539
101300.676155
101300.052962
101302.289877
101308.939894
101316.752290
101314.136667
101310.604250
101313.281613
101303.336346
101306.743745
101308.360459
101295.672777
101298.882131
101299.027010
101313.940160
101309.618727
101312.373816
101292.598381
101295.278244
101312.284530
101284.582356
101316.442543
101291.893662
101313.062552
101299.043621
101314.380954
101331.493364
101287.481944
101311.070614
101290.883478
101308.605072
101303.379852
101305.916370
101297.429685
101310.813558
101292.829417
101314.197432
101300.839398
101292.741961
101316.574093
101303.128003
101318.781018
101313.145014
101296.844289
101302.405889
101303.911532
101315.012152
101306.161448
101303.932318
101300.784708
101301.842159
101312.547334
101302.005338
101298.681938
101297.193210
101297.147634
101290.230618
101295.315163
101313.177463
101299.410404
101306.572756
101280.982850
101305.236012
101299.276505
101296.594804
101301.774199
101296.241317
101283.099529
101307.352336
101301.803539
101297.234131
101291.903692
101287.763057
101301.203045
101312.210664
101300.820956
101288.027278
101300.785316
101298.313721
101305.410170
101303.110322
101274.129797
101302.139525
101289.512256
101285.930065
101295.561214
101300.123185
101283.477267
101302.008801
101302.249267
101296.290059
101288.746284
101287.626607
101303.444785
101282.924586
101303.308518
101293.250899
101293.586909
101280.471334
101292.746116
101298.613713
101282.800298
101297.268589
101293.780899
101287.709437
101299.488930
101274.826942
101295.013283
101304.991553
101303.353247
101294.751187
101289.019720
101286.148584
101288.614844
101295.193366
101284.191029
101296.515858
101307.330658
101289.580635
101279.132294
101278.942672
101295.727761
101288.853303
101296.163389
101284.698572
101295.432975
101287.343373
101282.572954
101285.049661
101278.507320
101303.826183
101286.969252
101292.726867
101283.107700
101278.820580
101285.199762
101295.716603
101282.578920
101279.619687
101287.668283
101290.258834
101299.252981
101288.785203
101290.953604
101291.403789
101276.274851
101277.643167
101276.530965
101274.398745
101291.274828
101287.088252
101285.261986
101263.743916
101300.790557
101277.055124
101300.487824
101272.344875
101277.306546
101266.051371
101286.441040
101274.605322
101274.704172
101272.182318
101289.256990
101288.607036
101297.290234
101277.188404
101284.306162
101272.123931
101279.642760
101278.058223
101285.811950
101290.121341
101289.803965
101275.024645
101289.648045
101281.202224
101278.854176
101275.680346
101276.767877
101295.086237
101283.508811
101282.349652
101278.759445
101300.331340
101291.111114
101274.811476
101278.301417
101278.688165
101281.482298
101274.620130
101283.656497
101291.680106
101269.473218
101270.877315
101275.958866
101276.252813
101295.659342
101287.611116
101287.079237
101277.338334
101277.092734
101267.700957
101285.501256
101283.109875
101289.404888
101277.367107
101277.857706
101280.291853
101286.007572
101267.052916
101284.646684
101278.539204
101270.180340
101261.920193
101277.454178
101290.077922
101291.845265
101281.243681
101294.050909
101277.966833
101285.893588
101274.615405
101274.067845
101272.725233
101261.623024
101288.367220
101272.901919
101271.589231
101268.527991
101276.301168
101292.013510
101294.626576
101264.561422
101274.986019
101269.521216
101285.678477
101280.041437
101272.634259
101278.286729
101273.867326
101290.582368
101282.026987
101282.993992
101256.285335
101277.072805
101294.260404
101288.192509
101262.796671
101275.057036
101267.944481
101291.238774
101279.498639
101271.397617
101277.809927
101256.675525
101268.853644
101277.824862
101284.299777
101262.006001
101274.490483
101285.621487
101265.937707
101279.389178
101278.090937
101291.286645
101275.740002
101276.218798
101284.442805
101267.004868
101275.862121
101273.997908
101276.547918
101284.462946
101282.126436
101271.722096
101278.824512
101289.674761
101271.121549
101278.955985
101276.272464
101277.337721
101264.821418
101289.178598
101271.724385
101286.155363
101273.004234
101273.000535
101287.739740
101286.016862
101279.766983
101284.219563
101275.855462
101278.131284
101272.940376
101285.501836
101272.758744
101290.224816
101275.855178
101278.584969
101284.530529
101278.692170
101276.159275
101278.344368
101285.777836
101273.367915
101277.704982
101278.842009
101285.721917
101278.052667
101293.364683
101277.693497
101277.092498
101277.674510
101268.559064
101270.848428
101274.947565
101288.330796
101279.030998
101275.471283
101289.213718
101291.864423
101289.552185
101272.739069
101275.656998
101294.184599
101281.660066
101277.646677
101285.591718
101287.961054
101275.389269
101281.775057
101287.491147
101270.855946
101280.297022
101271.343585
101272.450920
101275.876034
101284.259461
101277.928382
101275.379657
101281.042245
101271.517274
101284.186918
101289.871442
101280.250901
101279.327847
101284.001376
101264.851213
101285.438912
101306.025143
101280.294600
101280.389222
101287.357541
101294.638048
101289.342060
101264.364612
101286.184017
101302.319826
101286.791660
101272.643241
101284.202788
101271.770905
101291.947233
101274.506281
101282.815957
101275.428552
101277.988099
101294.317877
101283.325405
101278.093280
101273.474295
101267.731782
101272.764471
101283.739747
101290.755327
101278.500043
101295.616608
101277.521806
101281.567251
101275.044240
101291.816421
101300.879840
101270.214591
101281.749135
101294.845899
101273.361238
101289.679318
101295.126561
101286.189434
101290.174400
101300.068069
101301.776668
101285.901766
101282.346561
101279.453644
101294.836911
101276.254507
101285.415424
101288.464621
101283.825939
101290.295139
101308.779052
101287.496265
101285.191649
101297.003108
101291.002394
101300.805382
101290.812858
101287.712314
101275.633913
101277.149508
101275.625120
101293.548387
101279.818274
101300.963105
101291.362286
101289.368247
101284.771922
101296.701434
101285.487555
101284.240249
101301.829360
101295.358360
101290.840319
101298.049105
101293.186496
101296.376050
101286.973560
101310.267414
101289.262624
101306.542538
101292.777736
101300.939190
101300.549365
101304.042982
101288.335188
101303.856680
101310.213933
101293.563079
101296.099861
101291.823601
101293.428008
101310.078558
101288.540321
101289.223604
101309.833445
101302.127624
101314.278507
101293.895642
101298.692297
101292.578810
101299.192085
101284.033615
101303.885993
101301.173363
101298.303583
101295.818784
101291.960565
101305.116410
101290.101298
101303.739691
101316.413825
101311.875254
101288.122094
101296.040409
101303.876267
101300.111897
101289.647533
101304.093059
101301.097267
101316.657988
101299.482639
101311.016675
101291.699206
101293.774182
101307.932966
101310.989993
101294.820536
101302.830876
101291.743241
101301.502764
101309.803578
101299.783217
101301.424306
101294.530919
101298.534108
101317.936542
101304.604713
101296.151482
101301.799363
101291.684670
101296.496315
101315.636756
101303.757560
101320.165571
101304.418179
101305.033280
101310.587318
101284.217422
101307.374489
101305.478823
101317.893648
101313.856269
101297.201665
101316.339535
101304.433992
101299.425815
101308.366041
101305.293672
101319.348991
101309.890512
101308.933891
101314.615694
101316.274194
101313.919565
101319.124731
101312.755570
101309.343193
101318.030006
101307.502881
101308.608209
101322.225799
101321.538280
101308.605934
101305.150126
101320.589864
101315.392495
101311.617199
101306.619693
101311.949093
101309.221412
101304.178643
101310.622661
101311.809389
101306.777205
101317.104031
101320.275831
101317.814781
101307.934718
101316.279055
101310.942621
101300.518073
101315.869648
101311.739294
101331.399704
101322.389216
101316.498623
101312.879799
101312.271863
101303.006852
101297.197382
101304.200346
101310.869243
101294.475445
101307.032581
101309.472259
101309.794367
101306.287214
101308.910718
101325.494405
101317.059439
101307.337487
101311.329319
101311.704391
101305.840637
101305.883204
101320.170984
101308.777641
101303.426045
101311.884767
101313.218813
101296.536515
101312.034159
101319.344515
101316.049619
101330.315814
101322.522558
101324.139941
101334.982498
101318.678956
101313.948716
101320.463076
101308.226811
101313.588291
101307.569623
101315.958511
101307.581096
101307.321219
101316.143255
101311.751139
101297.448565
101301.238722
101303.718028
101305.843907
101316.233128
101314.677850
101321.455708
101318.961559
101321.518577
101317.813267
101314.624813
101321.742009
101320.300851
101315.951201
101323.106439
101294.165521
101310.600621
101310.469040
101322.126401
101325.464212
101301.278269
101324.154232
101303.477065
101303.701178
101310.937429
101310.245420
101300.301635
101317.944443
101318.155631
101321.126284
101309.198397
101312.320016
101312.362450
101326.077574
101289.865949
101304.849205
101312.512498
101303.745580
101310.324111
101311.341165
101307.045941
101312.779409
101317.243650
101310.281693
101308.498211
101310.748169
101311.963897
101298.048511
101315.609763
101308.254172
101321.897902
101316.476081
101321.048811
101303.539473
101308.594235
101301.562088
101305.795261
101321.387279
101323.202619
101302.048502
101307.496842
101310.481615
101315.702770
101296.864818
101298.043308
101314.706965
101295.118935
101307.056798
101311.846494
101313.792323
101309.249144
101307.371389
101316.967230
101312.404200
101304.856983
101310.244142
101312.915636
101323.502794
101315.952789
101319.282656
101304.584044
101305.176847
101307.387389
101308.020682
101301.002619
101319.090568
101315.924923
101306.166282
101313.497727
101309.898318
101313.623583
101296.859093
101306.195616
101306.642718
101311.841058
101301.568095
101286.338609
101297.425707
101305.330966
101306.069272
101318.765839
101309.694296
101305.419857
101304.242600
101313.068146
101299.245582
101302.574826
101294.712514
101314.506167
101306.022113
101296.948009
101301.417506
101306.134186
101299.773952
101297.225558
101295.987657
101303.652976
101297.795197
101296.746845
101289.404618
101300.429380
101298.072557
101296.662198
101300.537550
101304.642369
101303.980815
101302.499041
101295.859760
101292.956041
101288.846611
101292.157604
101296.763994
101290.019468
101296.780212
101287.989140
101282.124946
101301.667275
101291.014918
101287.811248
101285.453102
101297.283618
101304.593140
101290.062939
101291.255788
101301.245235
101277.879629
101307.788296
101311.295447
101269.780396
101290.338684
101285.053918
101288.373283
101286.829528
101296.355028
101288.643948
101281.940015
101287.531778
101292.708751
101278.801163
101274.780769
101303.571543
101282.168415
101285.886506
101283.479753
101290.722895
101300.195892
101290.327733
101273.215350
101273.962621
101281.516566
101282.234440
101270.276073
101290.277153
101274.701978
101295.008455
101297.295997
101280.413203
101285.578719
101271.878488
101286.390034
101277.081082
101272.034185
101278.082293
101276.335363
101277.123923
101286.985976
101272.768911
101292.593898
101267.775094
101290.960397
101269.565789
101277.350233
101273.096789
101273.928112
101282.747957
101287.994456
101285.178376
101272.073268
101276.443714
101268.370227
101266.351258
101264.769708
101270.095636
101275.248838
101257.612916
101272.191735
101284.345586
101280.847197
101266.844672
101260.005122
101274.512440
101251.947808
101279.021657
101268.084678
101284.096507
101255.282891
101276.096089
101267.598957
101265.406546
101256.747949
101272.124260
101272.418802
101280.942005
101274.376530
101261.211985
101257.583152
101254.316922
101276.701355
101258.340788
101276.058569
101268.067791
101266.156869
101260.713087
101268.103772
101262.344954
101259.165333
101267.337395
101260.267904
101254.683345
101265.519009
101259.858919
101263.932542
101256.040900
101249.649395
101272.853623
101270.996677
101265.344921
101254.823120
101255.174147
101268.286526
101254.048622
101251.470321
101271.160314
101255.452854
101269.633698
101243.951371
101258.936398
101271.012203
101254.334394
101251.637430
101244.060770
101261.715101
101246.549166
101251.605827
101242.142665
101264.128520
101260.567428
101250.730962
101241.406064
101262.582461
101247.024041
101240.766498
101235.168197
101243.754797
101236.943170
101243.255858
101253.852245
101244.552736
101250.060868
101241.088457
101247.056741
101261.563300
101243.069370
101248.594328
101232.656789
101257.004458
101240.689058
101252.574590
101242.849006
101248.391738
101248.532394
101239.210511
101251.231579
101236.091308
101248.054095
101238.376998
101243.963716
101237.140523
101240.906102
101231.579193
101241.828277
101239.873043
101234.870680
101238.424710
101239.610663
101233.282141
101236.857984
101229.519387
101256.006120
101245.390371
101238.780062
101245.650829
101220.119262
101215.171948
101232.119918
101223.967360
101232.785429
101236.006709
101241.408746
101224.624093
101236.612833
101233.217304
101235.569486
101228.319295
101243.231453
101231.028054
101245.740192
101224.915103
101236.873184
101230.146454
101227.695991
101235.071481
101227.315506
101208.110023
101204.600577
101238.981606
101238.343943
101243.301197
101227.763793
101217.265452
101223.953343
101227.105870
101218.663615
101239.614958
101244.049824
101229.668495
101225.464804
101214.902465
101237.345190
101225.296728
101222.086558
101227.963917
101219.144543
101224.722012
101211.725125
101231.680487
101221.868516
101231.695321
101220.538034
101220.780842
101211.896331
101227.398476
101214.040378
101216.883529
101220.512236
101221.203749
101206.316429
101217.851166
101225.793027
101216.139225
101217.103997
101219.938204
101217.369566
101209.872615
101217.566661
101225.551912
101208.933029
101214.090910
101205.779267
101224.110156
101215.588252
101209.274778
101216.565004
101205.949833
101207.063682
101203.404852
101206.307227
101225.597078
101208.771625
101218.265848
101207.746399
101220.415134
101206.033559
101214.460690
101214.475635
101232.582535
101218.912078
101209.035346
101219.170196
101230.707754
101200.479157
101206.691612
101211.452852
101209.929235
101210.523145
101202.671951
101224.259424
101201.570234
101211.274092
101221.168498
101212.487805
101204.822937
101201.798869
101210.679846
101206.396554
101214.028979
101201.111253
101218.764274
101213.122908
101213.657128
101223.608379
101208.520136
101206.160111
101207.530093
101210.318961
101211.079844
101205.111790
101195.523921
101207.173828
101214.493948
101212.660922
101221.124235
101227.130070
101217.520661
101222.467407
101217.504127
101225.013258
101226.106468
101218.875980
101216.886165
101209.563180
101210.845703
101208.446516
101216.093494
101205.336416
101209.547524
101192.213644
101224.819808
101209.252836
101214.644278
101222.646390
101213.372365
101222.512150
101201.012342
101230.115563
101219.625200
101212.595170
101222.316879
101201.563323
101208.601104
101222.463111
101195.973176
101215.395332
101215.172556
101226.673893
101198.262846
101223.811404
101206.467918
101207.378399
101201.190691
101202.277623
101214.223792
101202.113591
101216.952613
101205.746159
101201.366624
101206.870884
101213.810932
101208.923819
101211.443149
101216.767402
101219.886838
101208.777877
101202.937482
101211.934078
101215.126027
101199.711977
101204.311302
101205.722501
101209.854682
101205.471686
101217.260413
101198.808581
101199.058884
101209.073936
101210.389659
101200.208987
101207.044821
101208.744551
101208.862021
101213.280369
101206.831006
101224.006052
101216.150125
101205.850104
101213.127025
101213.428368
101222.220719
101207.767976
101218.779216
101213.046192
101224.716115
101223.184312
101214.507982
101210.910219
101217.139021
101211.721624
101226.688086
101213.955144
101210.165343
101209.818005
101203.876421
101218.120291
101207.196171
101222.631214
101203.593635
101215.047450
101223.325024
101197.000279
101230.460705
101211.009921
101215.639880
101219.182914
101220.521838
101217.006642
101222.898684
101219.177479
101229.218531
101219.417928
101231.065471
101222.667343
101201.124279
101236.571906
101211.202366
101227.876731
101216.243207
101224.635275
101210.757624
101221.391516
101214.481336
101229.261377
101220.262374
101224.365425
101199.691296
101216.446524
101220.543873
101219.177887
101225.208881
101214.724186
101218.174649
101227.368226
101199.824082
101222.904695
101215.656218
101211.167259
101221.297760
101228.565708
101227.201020
101217.949812
101226.180558
101226.264148
101218.766663
101214.068063
101214.678948
101226.612793
101219.722961
101211.841865
101206.884617
101227.171371
101216.296687
101223.469198
101230.899913
101210.667996
101220.936392
101220.090994
101224.654495
101231.690778
101211.303763
101226.660567
101230.518096
101220.939522
101221.496497
101226.110095
101225.688350
101227.756825
101227.757308
101215.581206
101231.529889
101233.113639
101225.440490
101212.171864
101223.381240
101226.029363
101215.493025
101221.945227
101213.728666
101230.040025
101226.688162
101212.373846
101228.532172
101225.449464
101230.214665
101223.133630
101220.037307
101220.466343
101222.512393
101227.153698
101228.372786
101225.850050
101224.176603
101224.939935
101248.001604
101221.963281
101223.855206
101254.860330
101232.068723
101217.852487
101235.826131
101221.997201
101236.743450
101227.977264
101226.341149
101242.927927
101234.781440
101238.230286
101234.122380
101227.284620
101235.928656
101240.909670
101232.512449
101246.046746
101238.637015
101233.728934
101234.245354
101233.532171
101222.625590
101232.116552
101234.808644
101229.912879
101236.145757
101233.817946
101240.040521
101239.359730
101235.596235
101223.525809
101248.994112
101233.738324
101234.431777
101232.544403
101231.583252
101248.049250
101246.991634
101239.665165
101235.456989
101241.477131
101237.321974
101235.417429
101239.851868
101233.825751
101239.581292
101239.405274
101242.803476
101233.235517
101244.078460
101231.355757
101234.234708
101234.792935
101230.657108
101247.568088
101231.899710
101234.270200
101250.114244
101235.715813
101238.984857
101232.603311
101247.572707
