# roll (rad), pitch (rad), yaw (rad)
0.000000 0.050000 1.570796
0.095106 0.015451 1.581268
0.058779 -0.040451 1.591740
-0.058779 -0.040451 1.602212
-0.095106 0.015451 1.612684
-0.000000 0.050000 1.623156
0.095106 0.015451 1.633628
0.058779 -0.040451 1.644100
-0.058779 -0.040451 1.654572
-0.095106 0.015451 1.665044
-0.000000 0.050000 1.675516
0.095106 0.015451 1.685988
0.058779 -0.040451 1.696460
-0.058779 -0.040451 1.706932
-0.095106 0.015451 1.717404
-0.000000 0.050000 1.727876
0.095106 0.015451 1.738348
0.058779 -0.040451 1.748820
-0.058779 -0.040451 1.759292
-0.095106 0.015451 1.769764
-0.000000 0.050000 1.780236
0.095106 0.015451 1.790708
0.058779 -0.040451 1.801180
-0.058779 -0.040451 1.811652
-0.095106 0.015451 1.822124
-0.000000 0.050000 1.832596
0.095106 0.015451 1.843068
0.058779 -0.040451 1.853540
-0.058779 -0.040451 1.864012
-0.095106 0.015451 1.874484
-0.000000 0.050000 1.884956
0.095106 0.015451 1.895428
0.058779 -0.040451 1.905900
-0.058779 -0.040451 1.916372
-0.095106 0.015451 1.926843
-0.000000 0.050000 1.937315
0.095106 0.015451 1.947787
0.058779 -0.040451 1.958259
-0.058779 -0.040451 1.968731
-0.095106 0.015451 1.979203
-0.000000 0.050000 1.989675
0.095106 0.015451 2.000147
0.058779 -0.040451 2.010619
-0.058779 -0.040451 2.021091
-0.095106 0.015451 2.031563
-0.000000 0.050000 2.042035
0.095106 0.015451 2.052507
0.058779 -0.040451 2.062979
-0.058779 -0.040451 2.073451
-0.095106 0.015451 2.083923
-0.000000 0.050000 2.094395
0.095106 0.015451 2.104867
0.058779 -0.040451 2.115339
-0.058779 -0.040451 2.125811
-0.095106 0.015451 2.136283
-0.000000 0.050000 2.146755
0.095106 0.015451 2.157227
0.058779 -0.040451 2.167699
-0.058779 -0.040451 2.178171
-0.095106 0.015451 2.188643
-0.000000 0.050000 2.199115
0.095106 0.015451 2.209587
0.058779 -0.040451 2.220059
-0.058779 -0.040451 2.230531
-0.095106 0.015451 2.241003
0.000000 0.050000 2.251475
0.095106 0.015451 2.261947
0.058779 -0.040451 2.272419
-0.058779 -0.040451 2.282891
-0.095106 0.015451 2.293363
-0.000000 0.050000 2.303835
0.095106 0.015451 2.314307
0.058779 -0.040451 2.324779
-0.058779 -0.040451 2.335251
-0.095106 0.015451 2.345723
-0.000000 0.050000 2.356194
0.095106 0.015451 2.366666
0.058779 -0.040451 2.377138
-0.058779 -0.040451 2.387610
-0.095106 0.015451 2.398082
-0.000000 0.050000 2.408554
0.095106 0.015451 2.419026
0.058779 -0.040451 2.429498
-0.058779 -0.040451 2.439970
-0.095106 0.015451 2.450442
0.000000 0.050000 2.460914
0.095106 0.015451 2.471386
0.058779 -0.040451 2.481858
-0.058779 -0.040451 2.492330
-0.095106 0.015451 2.502802
-0.000000 0.050000 2.513274
0.095106 0.015451 2.523746
0.058779 -0.040451 2.534218
-0.058779 -0.040451 2.544690
-0.095106 0.015451 2.555162
-0.000000 0.050000 2.565634
0.095106 0.015451 2.576106
0.058779 -0.040451 2.586578
-0.058779 -0.040451 2.597050
-0.095106 0.015451 2.607522
-0.000000 0.050000 2.617994
0.095106 0.015451 2.628466
0.058779 -0.040451 2.638938
-0.058779 -0.040451 2.649410
-0.095106 0.015451 2.659882
0.000000 0.050000 2.670354
0.095106 0.015451 2.680826
0.058779 -0.040451 2.691298
-0.058779 -0.040451 2.701770
-0.095106 0.015451 2.712242
-0.000000 0.050000 2.722714
0.095106 0.015451 2.733186
0.058779 -0.040451 2.743658
-0.058779 -0.040451 2.754130
-0.095106 0.015451 2.764602
-0.000000 0.050000 2.775074
0.095106 0.015451 2.785545
0.058779 -0.040451 2.796017
-0.058779 -0.040451 2.806489
-0.095106 0.015451 2.816961
-0.000000 0.050000 2.827433
0.095106 0.015451 2.837905
0.058779 -0.040451 2.848377
-0.058779 -0.040451 2.858849
-0.095106 0.015451 2.869321
0.000000 0.050000 2.879793
0.095106 0.015451 2.890265
0.058779 -0.040451 2.900737
-0.058779 -0.040451 2.911209
-0.095106 0.015451 2.921681
0.000000 0.050000 2.932153
0.095106 0.015451 2.942625
0.058779 -0.040451 2.953097
-0.058779 -0.040451 2.963569
-0.095106 0.015451 2.974041
-0.000000 0.050000 2.984513
0.095106 0.015451 2.994985
0.058779 -0.040451 3.005457
-0.058779 -0.040451 3.015929
-0.095106 0.015451 3.026401
-0.000000 0.050000 3.036873
0.095106 0.015451 3.047345
0.058779 -0.040451 3.057817
-0.058779 -0.040451 3.068289
-0.095106 0.015451 3.078761
0.000000 0.050000 3.089233
0.095106 0.015451 3.099705
0.058779 -0.040451 3.110177
-0.058779 -0.040451 3.120649
-0.095106 0.015451 3.131121
-0.000000 0.050000 3.141593
0.095106 0.015451 3.152065
0.058779 -0.040451 3.162537
-0.058779 -0.040451 3.173009
-0.095106 0.015451 3.183481
-0.000000 0.050000 3.193953
0.095106 0.015451 3.204425
0.058779 -0.040451 3.214896
-0.058779 -0.040451 3.225368
-0.095106 0.015451 3.235840
-0.000000 0.050000 3.246312
0.095106 0.015451 3.256784
0.058779 -0.040451 3.267256
-0.058779 -0.040451 3.277728
-0.095106 0.015451 3.288200
-0.000000 0.050000 3.298672
0.095106 0.015451 3.309144
0.058779 -0.040451 3.319616
-0.058779 -0.040451 3.330088
-0.095106 0.015451 3.340560
0.000000 0.050000 3.351032
0.095106 0.015451 3.361504
0.058779 -0.040451 3.371976
-0.058779 -0.040451 3.382448
-0.095106 0.015451 3.392920
-0.000000 0.050000 3.403392
0.095106 0.015451 3.413864
0.058779 -0.040451 3.424336
-0.058779 -0.040451 3.434808
-0.095106 0.015451 3.445280
-0.000000 0.050000 3.455752
0.095106 0.015451 3.466224
0.058779 -0.040451 3.476696
-0.058779 -0.040451 3.487168
-0.095106 0.015451 3.497640
-0.000000 0.050000 3.508112
0.095106 0.015451 3.518584
0.058779 -0.040451 3.529056
-0.058779 -0.040451 3.539528
-0.095106 0.015451 3.550000
-0.000000 0.050000 3.560472
0.095106 0.015451 3.570944
0.058779 -0.040451 3.581416
-0.058779 -0.040451 3.591888
-0.095106 0.015451 3.602360
-0.000000 0.050000 3.612832
0.095106 0.015451 3.623304
0.058779 -0.040451 3.633776
-0.058779 -0.040451 3.644247
-0.095106 0.015451 3.654719
-0.000000 0.050000 3.665191
0.095106 0.015451 3.675663
0.058779 -0.040451 3.686135
-0.058779 -0.040451 3.696607
-0.095106 0.015451 3.707079
-0.000000 0.050000 3.717551
0.095106 0.015451 3.728023
0.058779 -0.040451 3.738495
-0.058779 -0.040451 3.748967
-0.095106 0.015451 3.759439
0.000000 0.050000 3.769911
0.095106 0.015451 3.780383
0.058779 -0.040451 3.790855
-0.058779 -0.040451 3.801327
-0.095106 0.015451 3.811799
-0.000000 0.050000 3.822271
0.095106 0.015451 3.832743
0.058779 -0.040451 3.843215
-0.058779 -0.040451 3.853687
-0.095106 0.015451 3.864159
-0.000000 0.050000 3.874631
0.095106 0.015451 3.885103
0.058779 -0.040451 3.895575
-0.058779 -0.040451 3.906047
-0.095106 0.015451 3.916519
-0.000000 0.050000 3.926991
0.095106 0.015451 3.937463
0.058779 -0.040451 3.947935
-0.058779 -0.040451 3.958407
-0.095106 0.015451 3.968879
-0.000000 0.050000 3.979351
0.095106 0.015451 3.989823
0.058779 -0.040451 4.000295
-0.058779 -0.040451 4.010767
-0.095106 0.015451 4.021239
0.000000 0.050000 4.031711
0.095106 0.015451 4.042183
0.058779 -0.040451 4.052655
-0.058779 -0.040451 4.063126
-0.095106 0.015451 4.073598
-0.000000 0.050000 4.084070
0.095106 0.015451 4.094542
0.058779 -0.040451 4.105014
-0.058779 -0.040451 4.115486
-0.095106 0.015451 4.125958
-0.000000 0.050000 4.136430
0.095106 0.015451 4.146902
0.058779 -0.040451 4.157374
-0.058779 -0.040451 4.167846
-0.095106 0.015451 4.178318
0.000000 0.050000 4.188790
0.095106 0.015451 4.199262
0.058779 -0.040451 4.209734
-0.058779 -0.040451 4.220206
-0.095106 0.015451 4.230678
-0.000000 0.050000 4.241150
0.095106 0.015451 4.251622
0.058779 -0.040451 4.262094
-0.058779 -0.040451 4.272566
-0.095106 0.015451 4.283038
0.000000 0.050000 4.293510
0.095106 0.015451 4.303982
0.058779 -0.040451 4.314454
-0.058779 -0.040451 4.324926
-0.095106 0.015451 4.335398
-0.000000 0.050000 4.345870
0.095106 0.015451 4.356342
0.058779 -0.040451 4.366814
-0.058779 -0.040451 4.377286
-0.095106 0.015451 4.387758
-0.000000 0.050000 4.398230
0.095106 0.015451 4.408702
0.058779 -0.040451 4.419174
-0.058779 -0.040451 4.429646
-0.095106 0.015451 4.440118
0.000000 0.050000 4.450590
0.095106 0.015451 4.461062
0.058779 -0.040451 4.471534
-0.058779 -0.040451 4.482006
-0.095106 0.015451 4.492477
-0.000000 0.050000 4.502949
0.095106 0.015451 4.513421
0.058779 -0.040451 4.523893
-0.058779 -0.040451 4.534365
-0.095106 0.015451 4.544837
-0.000000 0.050000 4.555309
0.095106 0.015451 4.565781
0.058779 -0.040451 4.576253
-0.058779 -0.040451 4.586725
-0.095106 0.015451 4.597197
0.000000 0.050000 4.607669
0.095106 0.015451 4.618141
0.058779 -0.040451 4.628613
-0.058779 -0.040451 4.639085
-0.095106 0.015451 4.649557
-0.000000 0.050000 4.660029
0.095106 0.015451 4.670501
0.058779 -0.040451 4.680973
-0.058779 -0.040451 4.691445
-0.095106 0.015451 4.701917
-0.000000 0.050000 4.712389
0.095106 0.015451 4.722861
0.058779 -0.040451 4.733333
-0.058779 -0.040451 4.743805
-0.095106 0.015451 4.754277
-0.000000 0.050000 4.764749
0.095106 0.015451 4.775221
0.058779 -0.040451 4.785693
-0.058779 -0.040451 4.796165
-0.095106 0.015451 4.806637
-0.000000 0.050000 4.817109
0.095106 0.015451 4.827581
0.058779 -0.040451 4.838053
-0.058779 -0.040451 4.848525
-0.095106 0.015451 4.858997
0.000000 0.050000 4.869469
0.095106 0.015451 4.879941
0.058779 -0.040451 4.890413
-0.058779 -0.040451 4.900885
-0.095106 0.015451 4.911357
-0.000000 0.050000 4.921828
0.095106 0.015451 4.932300
0.058779 -0.040451 4.942772
-0.058779 -0.040451 4.953244
-0.095106 0.015451 4.963716
-0.000000 0.050000 4.974188
0.095106 0.015451 4.984660
0.058779 -0.040451 4.995132
-0.058779 -0.040451 5.005604
-0.095106 0.015451 5.016076
-0.000000 0.050000 5.026548
0.095106 0.015451 5.037020
0.058779 -0.040451 5.047492
-0.058779 -0.040451 5.057964
-0.095106 0.015451 5.068436
-0.000000 0.050000 5.078908
0.095106 0.015451 5.089380
0.058779 -0.040451 5.099852
-0.058779 -0.040451 5.110324
-0.095106 0.015451 5.120796
0.000000 0.050000 5.131268
0.095106 0.015451 5.141740
0.058779 -0.040451 5.152212
-0.058779 -0.040451 5.162684
-0.095106 0.015451 5.173156
-0.000000 0.050000 5.183628
0.095106 0.015451 5.194100
0.058779 -0.040451 5.204572
-0.058779 -0.040451 5.215044
-0.095106 0.015451 5.225516
-0.000000 0.050000 5.235988
0.095106 0.015451 5.246460
0.058779 -0.040451 5.256932
-0.058779 -0.040451 5.267404
-0.095106 0.015451 5.277876
0.000000 0.050000 5.288348
0.095106 0.015451 5.298820
0.058779 -0.040451 5.309292
-0.058779 -0.040451 5.319764
-0.095106 0.015451 5.330236
-0.000000 0.050000 5.340708
0.095106 0.015451 5.351179
0.058779 -0.040451 5.361651
-0.058779 -0.040451 5.372123
-0.095106 0.015451 5.382595
-0.000000 0.050000 5.393067
0.095106 0.015451 5.403539
0.058779 -0.040451 5.414011
-0.058779 -0.040451 5.424483
-0.095106 0.015451 5.434955
-0.000000 0.050000 5.445427
0.095106 0.015451 5.455899
0.058779 -0.040451 5.466371
-0.058779 -0.040451 5.476843
-0.095106 0.015451 5.487315
-0.000000 0.050000 5.497787
0.095106 0.015451 5.508259
0.058779 -0.040451 5.518731
-0.058779 -0.040451 5.529203
-0.095106 0.015451 5.539675
-0.000000 0.050000 5.550147
0.095106 0.015451 5.560619
0.058779 -0.040451 5.571091
-0.058779 -0.040451 5.581563
-0.095106 0.015451 5.592035
-0.000000 0.050000 5.602507
0.095106 0.015451 5.612979
0.058779 -0.040451 5.623451
-0.058779 -0.040451 5.633923
-0.095106 0.015451 5.644395
-0.000000 0.050000 5.654867
0.095106 0.015451 5.665339
0.058779 -0.040451 5.675811
-0.058779 -0.040451 5.686283
-0.095106 0.015451 5.696755
0.000000 0.050000 5.707227
0.095106 0.015451 5.717699
0.058779 -0.040451 5.728171
-0.058779 -0.040451 5.738643
-0.095106 0.015451 5.749115
-0.000000 0.050000 5.759587
0.095106 0.015451 5.770059
0.058779 -0.040451 5.780530
-0.058779 -0.040451 5.791002
-0.095106 0.015451 5.801474
-0.000000 0.050000 5.811946
0.095106 0.015451 5.822418
0.058779 -0.040451 5.832890
-0.058779 -0.040451 5.843362
-0.095106 0.015451 5.853834
-0.000000 0.050000 5.864306
0.095106 0.015451 5.874778
0.058779 -0.040451 5.885250
-0.058779 -0.040451 5.895722
-0.095106 0.015451 5.906194
0.000000 0.050000 5.916666
0.095106 0.015451 5.927138
0.058779 -0.040451 5.937610
-0.058779 -0.040451 5.948082
-0.095106 0.015451 5.958554
0.000000 0.050000 5.969026
0.095106 0.015451 5.979498
0.058779 -0.040451 5.989970
-0.058779 -0.040451 6.000442
-0.095106 0.015451 6.010914
-0.000000 0.050000 6.021386
0.095106 0.015451 6.031858
0.058779 -0.040451 6.042330
-0.058779 -0.040451 6.052802
-0.095106 0.015451 6.063274
-0.000000 0.050000 6.073746
0.095106 0.015451 6.084218
0.058779 -0.040451 6.094690
-0.058779 -0.040451 6.105162
-0.095106 0.015451 6.115634
-0.000000 0.050000 6.126106
0.095106 0.015451 6.136578
0.058779 -0.040451 6.147050
-0.058779 -0.040451 6.157522
-0.095106 0.015451 6.167994
-0.000000 0.050000 6.178466
0.095106 0.015451 6.188938
0.058779 -0.040451 6.199410
-0.058779 -0.040451 6.209881
-0.095106 0.015451 6.220353
0.000000 0.050000 6.230825
0.095106 0.015451 6.241297
0.058779 -0.040451 6.251769
-0.058779 -0.040451 6.262241
-0.095106 0.015451 6.272713
-0.000000 0.050000 6.283185
0.095106 0.015451 6.293657
0.058779 -0.040451 6.304129
-0.058779 -0.040451 6.314601
-0.095106 0.015451 6.325073
-0.000000 0.050000 6.335545
0.095106 0.015451 6.346017
0.058779 -0.040451 6.356489
-0.058779 -0.040451 6.366961
-0.095106 0.015451 6.377433
-0.000000 0.050000 6.387905
0.095106 0.015451 6.398377
0.058779 -0.040451 6.408849
-0.058779 -0.040451 6.419321
-0.095106 0.015451 6.429793
-0.000000 0.050000 6.440265
0.095106 0.015451 6.450737
0.058779 -0.040451 6.461209
-0.058779 -0.040451 6.471681
-0.095106 0.015451 6.482153
0.000000 0.050000 6.492625
0.095106 0.015451 6.503097
0.058779 -0.040451 6.513569
-0.058779 -0.040451 6.524041
-0.095106 0.015451 6.534513
-0.000000 0.050000 6.544985
0.095106 0.015451 6.555457
0.058779 -0.040451 6.565929
-0.058779 -0.040451 6.576401
-0.095106 0.015451 6.586873
-0.000000 0.050000 6.597345
0.095106 0.015451 6.607817
0.058779 -0.040451 6.618289
-0.058779 -0.040451 6.628760
-0.095106 0.015451 6.639232
-0.000000 0.050000 6.649704
0.095106 0.015451 6.660176
0.058779 -0.040451 6.670648
-0.058779 -0.040451 6.681120
-0.095106 0.015451 6.691592
-0.000000 0.050000 6.702064
0.095106 0.015451 6.712536
0.058779 -0.040451 6.723008
-0.058779 -0.040451 6.733480
-0.095106 0.015451 6.743952
0.000000 0.050000 6.754424
0.095106 0.015451 6.764896
0.058779 -0.040451 6.775368
-0.058779 -0.040451 6.785840
-0.095106 0.015451 6.796312
0.000000 0.050000 6.806784
0.095106 0.015451 6.817256
0.058779 -0.040451 6.827728
-0.058779 -0.040451 6.838200
-0.095106 0.015451 6.848672
-0.000000 0.050000 6.859144
0.095106 0.015451 6.869616
0.058779 -0.040451 6.880088
-0.058779 -0.040451 6.890560
-0.095106 0.015451 6.901032
-0.000000 0.050000 6.911504
0.095106 0.015451 6.921976
0.058779 -0.040451 6.932448
-0.058779 -0.040451 6.942920
-0.095106 0.015451 6.953392
-0.000000 0.050000 6.963864
0.095106 0.015451 6.974336
0.058779 -0.040451 6.984808
-0.058779 -0.040451 6.995280
-0.095106 0.015451 7.005752
0.000000 0.050000 7.016224
0.095106 0.015451 7.026696
0.058779 -0.040451 7.037168
-0.058779 -0.040451 7.047640
-0.095106 0.015451 7.058111
0.000000 0.050000 7.068583
0.095106 0.015451 7.079055
0.058779 -0.040451 7.089527
-0.058779 -0.040451 7.099999
-0.095106 0.015451 7.110471
-0.000000 0.050000 7.120943
0.095106 0.015451 7.131415
0.058779 -0.040451 7.141887
-0.058779 -0.040451 7.152359
-0.095106 0.015451 7.162831
-0.000000 0.050000 7.173303
0.095106 0.015451 7.183775
0.058779 -0.040451 7.194247
-0.058779 -0.040451 7.204719
-0.095106 0.015451 7.215191
-0.000000 0.050000 7.225663
0.095106 0.015451 7.236135
0.058779 -0.040451 7.246607
-0.058779 -0.040451 7.257079
-0.095106 0.015451 7.267551
-0.000000 0.050000 7.278023
0.095106 0.015451 7.288495
0.058779 -0.040451 7.298967
-0.058779 -0.040451 7.309439
-0.095106 0.015451 7.319911
0.000000 0.050000 7.330383
0.095106 0.015451 7.340855
0.058779 -0.040451 7.351327
-0.058779 -0.040451 7.361799
-0.095106 0.015451 7.372271
-0.000000 0.050000 7.382743
0.095106 0.015451 7.393215
0.058779 -0.040451 7.403687
-0.058779 -0.040451 7.414159
-0.095106 0.015451 7.424631
-0.000000 0.050000 7.435103
0.095106 0.015451 7.445575
0.058779 -0.040451 7.456047
-0.058779 -0.040451 7.466519
-0.095106 0.015451 7.476991
-0.000000 0.050000 7.487462
0.095106 0.015451 7.497934
0.058779 -0.040451 7.508406
-0.058779 -0.040451 7.518878
-0.095106 0.015451 7.529350
-0.000000 0.050000 7.539822
0.095106 0.015451 7.550294
0.058779 -0.040451 7.560766
-0.058779 -0.040451 7.571238
-0.095106 0.015451 7.581710
0.000000 0.050000 7.592182
0.095106 0.015451 7.602654
0.058779 -0.040451 7.613126
-0.058779 -0.040451 7.623598
-0.095106 0.015451 7.634070
0.000000 0.050000 7.644542
0.095106 0.015451 7.655014
0.058779 -0.040451 7.665486
-0.058779 -0.040451 7.675958
-0.095106 0.015451 7.686430
-0.000000 0.050000 7.696902
0.095106 0.015451 7.707374
0.058779 -0.040451 7.717846
-0.058779 -0.040451 7.728318
-0.095106 0.015451 7.738790
-0.000000 0.050000 7.749262
0.095106 0.015451 7.759734
0.058779 -0.040451 7.770206
-0.058779 -0.040451 7.780678
-0.095106 0.015451 7.791150
-0.000000 0.050000 7.801622
0.095106 0.015451 7.812094
0.058779 -0.040451 7.822566
-0.058779 -0.040451 7.833038
-0.095106 0.015451 7.843510
-0.000000 0.050000 0.785398
0.095106 0.015451 0.785398
0.058779 -0.040451 0.785398
-0.058779 -0.040451 0.785398
-0.095106 0.015451 0.785398
0.000000 0.050000 0.785398
0.095106 0.015451 0.785398
0.058779 -0.040451 0.785398
-0.058779 -0.040451 0.785398
-0.095106 0.015451 0.785398
-0.000000 0.050000 0.785398
0.095106 0.015451 0.785398
0.058779 -0.040451 0.785398
-0.058779 -0.040451 0.785398
-0.095106 0.015451 0.785398
-0.000000 0.050000 0.785398
0.095106 0.015451 0.785398
0.058779 -0.040451 0.785398
-0.058779 -0.040451 0.785398
-0.095106 0.015451 0.785398
-0.000000 0.050000 0.785398
0.095106 0.015451 0.785398
0.058779 -0.040451 0.785398
-0.058779 -0.040451 0.785398
-0.095106 0.015451 0.785398
-0.000000 0.050000 0.785398
0.095106 0.015451 0.785398
0.058779 -0.040451 0.785398
-0.058779 -0.040451 0.785398
-0.095106 0.015451 0.785398
0.000000 0.050000 0.785398
0.095106 0.015451 0.785398
0.058779 -0.040451 0.785398
-0.058779 -0.040451 0.785398
-0.095106 0.015451 0.785398
-0.000000 0.050000 0.785398
0.095106 0.015451 0.785398
0.058779 -0.040451 0.785398
-0.058779 -0.040451 0.785398
-0.095106 0.015451 0.785398
-0.000000 0.050000 0.785398
0.095106 0.015451 0.785398
0.058779 -0.040451 0.785398
-0.058779 -0.040451 0.785398
-0.095106 0.015451 0.785398
-0.000000 0.050000 0.785398
0.095106 0.015451 0.785398
0.058779 -0.040451 0.785398
-0.058779 -0.040451 0.785398
-0.095106 0.015451 0.785398
-0.000000 0.050000 0.785398
0.095106 0.015451 0.785398
0.058779 -0.040451 0.785398
-0.058779 -0.040451 0.785398
-0.095106 0.015451 0.785398
0.000000 0.050000 0.785398
0.095106 0.015451 0.785398
0.058779 -0.040451 0.785398
-0.058779 -0.040451 0.785398
-0.095106 0.015451 0.785398
-0.000000 0.050000 0.785398
0.095106 0.015451 0.785398
0.058779 -0.040451 0.785398
-0.058779 -0.040451 0.785398
-0.095106 0.015451 0.785398
-0.000000 0.050000 0.785398
0.095106 0.015451 0.785398
0.058779 -0.040451 0.785398
-0.058779 -0.040451 0.785398
-0.095106 0.015451 0.785398
-0.000000 0.050000 0.785398
0.095106 0.015451 0.785398
0.058779 -0.040451 0.785398
-0.058779 -0.040451 0.785398
-0.095106 0.015451 0.785398
-0.000000 0.050000 0.785398
0.095106 0.015451 0.785398
0.058779 -0.040451 0.785398
-0.058779 -0.040451 0.785398
-0.095106 0.015451 0.785398
0.000000 0.050000 0.785398
0.095106 0.015451 0.785398
0.058779 -0.040451 0.785398
-0.058779 -0.040451 0.785398
-0.095106 0.015451 0.785398
0.000000 0.050000 0.785398
0.095106 0.015451 0.785398
0.058779 -0.040451 0.785398
-0.058779 -0.040451 0.785398
-0.095106 0.015451 0.785398
-0.000000 0.050000 0.785398
0.095106 0.015451 0.785398
0.058779 -0.040451 0.785398
-0.058779 -0.040451 0.785398
-0.095106 0.015451 0.785398
-0.000000 0.050000 0.785398
0.095106 0.015451 0.785398
0.058779 -0.040451 0.785398
-0.058779 -0.040451 0.785398
-0.095106 0.015451 0.785398
-0.000000 0.050000 0.785398
0.095106 0.015451 0.785398
0.058779 -0.040451 0.785398
-0.058779 -0.040451 0.785398
-0.095106 0.015451 0.785398
-0.000000 0.050000 0.785398
0.095106 0.015451 0.785398
0.058779 -0.040451 0.785398
-0.058779 -0.040451 0.785398
-0.095106 0.015451 0.785398
0.000000 0.050000 0.785398
0.095106 0.015451 0.785398
0.058779 -0.040451 0.785398
-0.058779 -0.040451 0.785398
-0.095106 0.015451 0.785398
-0.000000 0.050000 0.785398
0.095106 0.015451 0.785398
0.058779 -0.040451 0.785398
-0.058779 -0.040451 0.785398
-0.095106 0.015451 0.785398
-0.000000 0.050000 0.785398
0.095106 0.015451 0.785398
0.058779 -0.040451 0.785398
-0.058779 -0.040451 0.785398
-0.095106 0.015451 0.785398
-0.000000 0.050000 0.785398
0.095106 0.015451 0.785398
0.058779 -0.040451 0.785398
-0.058779 -0.040451 0.785398
-0.095106 0.015451 0.785398
-0.000000 0.050000 0.785398
0.095106 0.015451 0.785398
0.058779 -0.040451 0.785398
-0.058779 -0.040451 0.785398
-0.095106 0.015451 0.785398
0.000000 0.050000 0.785398
0.095106 0.015451 0.785398
0.058779 -0.040451 0.785398
-0.058779 -0.040451 0.785398
-0.095106 0.015451 0.785398
-0.000000 0.050000 0.785398
0.095106 0.015451 0.785398
0.058779 -0.040451 0.785398
-0.058779 -0.040451 0.785398
-0.095106 0.015451 0.785398
-0.000000 0.050000 0.785398
0.095106 0.015451 0.785398
0.058779 -0.040451 0.785398
-0.058779 -0.040451 0.785398
-0.095106 0.015451 0.785398
-0.000000 0.050000 0.785398
0.095106 0.015451 0.785398
0.058779 -0.040451 0.785398
-0.058779 -0.040451 0.785398
-0.095106 0.015451 0.785398
-0.000000 0.050000 0.785398
0.095106 0.015451 0.785398
0.058779 -0.040451 0.785398
-0.058779 -0.040451 0.785398
-0.095106 0.015451 0.785398
-0.000000 0.050000 0.785398
0.095106 0.015451 0.785398
0.058779 -0.040451 0.785398
-0.058779 -0.040451 0.785398
-0.095106 0.015451 0.785398
-0.000000 0.050000 0.785398
0.095106 0.015451 0.785398
0.058779 -0.040451 0.785398
-0.058779 -0.040451 0.785398
-0.095106 0.015451 0.785398
-0.000000 0.050000 0.785398
0.095106 0.015451 0.785398
0.058779 -0.040451 0.785398
-0.058779 -0.040451 0.785398
-0.095106 0.015451 0.785398
-0.000000 0.050000 0.785398
0.095106 0.015451 0.785398
0.058779 -0.040451 0.785398
-0.058779 -0.040451 0.785398
-0.095106 0.015451 0.785398
-0.000000 0.050000 0.785398
0.095106 0.015451 0.785398
0.058779 -0.040451 0.785398
-0.058779 -0.040451 0.785398
-0.095106 0.015451 0.785398
-0.000000 0.050000 0.785398
0.095106 0.015451 0.785398
0.058779 -0.040451 0.785398
-0.058779 -0.040451 0.785398
-0.095106 0.015451 0.785398
0.000000 0.050000 0.785398
0.095106 0.015451 0.785398
0.058779 -0.040451 0.785398
-0.058779 -0.040451 0.785398
-0.095106 0.015451 0.785398
-0.000000 0.050000 0.785398
0.095106 0.015451 0.785398
0.058779 -0.040451 0.785398
-0.058779 -0.040451 0.785398
-0.095106 0.015451 0.785398
-0.000000 0.050000 0.785398
0.095106 0.015451 0.785398
0.058779 -0.040451 0.785398
-0.058779 -0.040451 0.785398
-0.095106 0.015451 0.785398
-0.000000 0.050000 0.785398
0.095106 0.015451 0.785398
0.058779 -0.040451 0.785398
-0.058779 -0.040451 0.785398
-0.095106 0.015451 0.785398
-0.000000 0.050000 0.785398
0.095106 0.015451 0.785398
0.058779 -0.040451 0.785398
-0.058779 -0.040451 0.785398
-0.095106 0.015451 0.785398
-0.000000 0.050000 0.785398
0.095106 0.015451 0.785398
0.058779 -0.040451 0.785398
-0.058779 -0.040451 0.785398
-0.095106 0.015451 0.785398
-0.000000 0.050000 0.785398
0.095106 0.015451 0.785398
0.058779 -0.040451 0.785398
-0.058779 -0.040451 0.785398
-0.095106 0.015451 0.785398
-0.000000 0.050000 0.785398
0.095106 0.015451 0.785398
0.058779 -0.040451 0.785398
-0.058779 -0.040451 0.785398
-0.095106 0.015451 0.785398
0.000000 0.050000 0.785398
0.095106 0.015451 0.785398
0.058779 -0.040451 0.785398
-0.058779 -0.040451 0.785398
-0.095106 0.015451 0.785398
0.000000 0.050000 0.785398
0.095106 0.015451 0.785398
0.058779 -0.040451 0.785398
-0.058779 -0.040451 0.785398
-0.095106 0.015451 0.785398
0.000000 0.050000 0.785398
0.095106 0.015451 0.785398
0.058779 -0.040451 0.785398
-0.058779 -0.040451 0.785398
-0.095106 0.015451 0.785398
-0.000000 0.050000 0.785398
0.095106 0.015451 0.785398
0.058779 -0.040451 0.785398
-0.058779 -0.040451 0.785398
-0.095106 0.015451 0.785398
-0.000000 0.050000 0.785398
0.095106 0.015451 0.785398
0.058779 -0.040451 0.785398
-0.058779 -0.040451 0.785398
-0.095106 0.015451 0.785398
-0.000000 0.050000 0.785398
0.095106 0.015451 0.785398
0.058779 -0.040451 0.785398
-0.058779 -0.040451 0.785398
-0.095106 0.015451 0.785398
-0.000000 0.050000 0.785398
0.095106 0.015451 0.785398
0.058779 -0.040451 0.785398
-0.058779 -0.040451 0.785398
-0.095106 0.015451 0.785398
-0.000000 0.050000 0.785398
0.095106 0.015451 0.785398
0.058779 -0.040451 0.785398
-0.058779 -0.040451 0.785398
-0.095106 0.015451 0.785398
-0.000000 0.050000 0.785398
0.095106 0.015451 0.785398
0.058779 -0.040451 0.785398
-0.058779 -0.040451 0.785398
-0.095106 0.015451 0.785398
-0.000000 0.050000 0.785398
0.095106 0.015451 0.785398
0.058779 -0.040451 0.785398
-0.058779 -0.040451 0.785398
-0.095106 0.015451 0.785398
-0.000000 0.050000 0.785398
0.095106 0.015451 0.785398
0.058779 -0.040451 0.785398
-0.058779 -0.040451 0.785398
-0.095106 0.015451 0.785398
0.000000 0.050000 0.785398
0.095106 0.015451 0.785398
0.058779 -0.040451 0.785398
-0.058779 -0.040451 0.785398
-0.095106 0.015451 0.785398
0.000000 0.050000 0.785398
0.095106 0.015451 0.785398
0.058779 -0.040451 0.785398
-0.058779 -0.040451 0.785398
-0.095106 0.015451 0.785398
0.000000 0.050000 0.785398
0.095106 0.015451 0.785398
0.058779 -0.040451 0.785398
-0.058779 -0.040451 0.785398
-0.095106 0.015451 0.785398
-0.000000 0.050000 1.107149
0.095106 0.015451 1.107412
0.058779 -0.040451 1.108202
-0.058779 -0.040451 1.109521
-0.095106 0.015451 1.111371
-0.000000 0.050000 1.113756
0.095106 0.015451 1.116681
0.058779 -0.040451 1.120152
-0.058779 -0.040451 1.124175
-0.095106 0.015451 1.128759
-0.000000 0.050000 1.133914
0.095106 0.015451 1.139649
0.058779 -0.040451 1.145977
-0.058779 -0.040451 1.152910
-0.095106 0.015451 1.160463
-0.000000 0.050000 1.168650
0.095106 0.015451 1.177489
0.058779 -0.040451 1.186997
-0.058779 -0.040451 1.197194
-0.095106 0.015451 1.208101
-0.000000 0.050000 1.219739
0.095106 0.015451 1.232132
0.058779 -0.040451 1.245304
-0.058779 -0.040451 1.259281
-0.095106 0.015451 1.274091
-0.000000 0.050000 1.289761
0.095106 0.015451 1.306322
0.058779 -0.040451 1.323804
-0.058779 -0.040451 1.342237
-0.095106 0.015451 1.361654
-0.000000 0.050000 1.382086
0.095106 0.015451 1.403566
0.058779 -0.040451 1.426125
-0.058779 -0.040451 1.449795
-0.095106 0.015451 1.474605
0.000000 0.050000 1.500583
0.095106 0.015451 1.527755
0.058779 -0.040451 1.556142
-0.058779 -0.040451 1.585761
-0.095106 0.015451 1.616627
0.000000 0.050000 1.648746
0.095106 0.015451 1.682117
0.058779 -0.040451 1.716735
-0.058779 -0.040451 1.752581
-0.095106 0.015451 1.789630
0.000000 0.050000 1.827847
0.095106 0.015451 1.867184
0.058779 -0.040451 1.907585
-0.058779 -0.040451 1.948982
-0.095106 0.015451 1.991297
-0.000000 0.050000 2.034444
0.095106 0.015451 2.078327
0.058779 -0.040451 2.122845
-0.058779 -0.040451 2.167892
-0.095106 0.015451 2.213361
-0.000000 0.050000 2.259143
0.095106 0.015451 2.305131
0.058779 -0.040451 2.351226
-0.058779 -0.040451 2.397330
-0.095106 0.015451 2.443359
-0.000000 0.050000 2.489235
0.095106 0.015451 2.534892
0.058779 -0.040451 2.580277
-0.058779 -0.040451 2.625348
-0.095106 0.015451 2.670076
-0.000000 0.050000 2.714443
0.095106 0.015451 2.758445
0.058779 -0.040451 2.802085
-0.058779 -0.040451 2.845380
-0.095106 0.015451 2.888352
-0.000000 0.050000 2.931033
0.095106 0.015451 2.973462
0.058779 -0.040451 3.015683
-0.058779 -0.040451 3.057744
-0.095106 0.015451 3.099696
-0.000000 0.050000 3.141593
0.095106 0.015451 -3.099696
0.058779 -0.040451 -3.057744
-0.058779 -0.040451 -3.015683
-0.095106 0.015451 -2.973462
-0.000000 0.050000 -2.931033
0.095106 0.015451 -2.888352
0.058779 -0.040451 -2.845380
-0.058779 -0.040451 -2.802085
-0.095106 0.015451 -2.758445
-0.000000 0.050000 -2.714443
0.095106 0.015451 -2.670076
0.058779 -0.040451 -2.625348
-0.058779 -0.040451 -2.580277
-0.095106 0.015451 -2.534892
0.000000 0.050000 -2.489235
0.095106 0.015451 -2.443359
0.058779 -0.040451 -2.397330
-0.058779 -0.040451 -2.351226
-0.095106 0.015451 -2.305131
0.000000 0.050000 -2.259143
0.095106 0.015451 -2.213361
0.058779 -0.040451 -2.167892
-0.058779 -0.040451 -2.122845
-0.095106 0.015451 -2.078327
0.000000 0.050000 -2.034444
0.095106 0.015451 -1.991297
0.058779 -0.040451 -1.948982
-0.058779 -0.040451 -1.907585
-0.095106 0.015451 -1.867184
-0.000000 0.050000 -1.827847
0.095106 0.015451 -1.789630
0.058779 -0.040451 -1.752581
-0.058779 -0.040451 -1.716735
-0.095106 0.015451 -1.682117
-0.000000 0.050000 -1.648746
0.095106 0.015451 -1.616627
0.058779 -0.040451 -1.585761
-0.058779 -0.040451 -1.556142
-0.095106 0.015451 -1.527755
-0.000000 0.050000 -1.500583
0.095106 0.015451 -1.474605
0.058779 -0.040451 -1.449795
-0.058779 -0.040451 -1.426125
-0.095106 0.015451 -1.403566
-0.000000 0.050000 -1.382086
0.095106 0.015451 -1.361654
0.058779 -0.040451 -1.342237
-0.058779 -0.040451 -1.323804
-0.095106 0.015451 -1.306322
-0.000000 0.050000 -1.289761
0.095106 0.015451 -1.274091
0.058779 -0.040451 -1.259281
-0.058779 -0.040451 -1.245304
-0.095106 0.015451 -1.232132
-0.000000 0.050000 -1.219739
0.095106 0.015451 -1.208101
0.058779 -0.040451 -1.197194
-0.058779 -0.040451 -1.186997
-0.095106 0.015451 -1.177489
-0.000000 0.050000 -1.168650
0.095106 0.015451 -1.160463
0.058779 -0.040451 -1.152910
-0.058779 -0.040451 -1.145977
-0.095106 0.015451 -1.139649
0.000000 0.050000 -1.133914
0.095106 0.015451 -1.128759
0.058779 -0.040451 -1.124175
-0.058779 -0.040451 -1.120152
-0.095106 0.015451 -1.116681
0.000000 0.050000 -1.113756
0.095106 0.015451 -1.111371
0.058779 -0.040451 -1.109521
-0.058779 -0.040451 -1.108202
-0.095106 0.015451 -1.107412
0.000000 0.050000 -1.107149
0.095106 0.015451 -1.107412
0.058779 -0.040451 -1.108202
-0.058779 -0.040451 -1.109521
-0.095106 0.015451 -1.111371
-0.000000 0.050000 -1.113756
0.095106 0.015451 -1.116681
0.058779 -0.040451 -1.120152
-0.058779 -0.040451 -1.124175
-0.095106 0.015451 -1.128759
-0.000000 0.050000 -1.133914
0.095106 0.015451 -1.139649
0.058779 -0.040451 -1.145977
-0.058779 -0.040451 -1.152910
-0.095106 0.015451 -1.160463
-0.000000 0.050000 -1.168650
0.095106 0.015451 -1.177489
0.058779 -0.040451 -1.186997
-0.058779 -0.040451 -1.197194
-0.095106 0.015451 -1.208101
-0.000000 0.050000 -1.219739
0.095106 0.015451 -1.232132
0.058779 -0.040451 -1.245304
-0.058779 -0.040451 -1.259281
-0.095106 0.015451 -1.274091
-0.000000 0.050000 -1.289761
0.095106 0.015451 -1.306322
0.058779 -0.040451 -1.323804
-0.058779 -0.040451 -1.342237
-0.095106 0.015451 -1.361654
-0.000000 0.050000 -1.382086
0.095106 0.015451 -1.403566
0.058779 -0.040451 -1.426125
-0.058779 -0.040451 -1.449795
-0.095106 0.015451 -1.474605
-0.000000 0.050000 -1.500583
0.095106 0.015451 -1.527755
0.058779 -0.040451 -1.556142
-0.058779 -0.040451 -1.585761
-0.095106 0.015451 -1.616627
-0.000000 0.050000 -1.648746
0.095106 0.015451 -1.682117
0.058779 -0.040451 -1.716735
-0.058779 -0.040451 -1.752581
-0.095106 0.015451 -1.789630
0.000000 0.050000 -1.827847
0.095106 0.015451 -1.867184
0.058779 -0.040451 -1.907585
-0.058779 -0.040451 -1.948982
-0.095106 0.015451 -1.991297
0.000000 0.050000 -2.034444
0.095106 0.015451 -2.078327
0.058779 -0.040451 -2.122845
-0.058779 -0.040451 -2.167892
-0.095106 0.015451 -2.213361
0.000000 0.050000 -2.259143
0.095106 0.015451 -2.305131
0.058779 -0.040451 -2.351226
-0.058779 -0.040451 -2.397330
-0.095106 0.015451 -2.443359
-0.000000 0.050000 -2.489235
0.095106 0.015451 -2.534892
0.058779 -0.040451 -2.580277
-0.058779 -0.040451 -2.625348
-0.095106 0.015451 -2.670076
-0.000000 0.050000 -2.714443
0.095106 0.015451 -2.758445
0.058779 -0.040451 -2.802085
-0.058779 -0.040451 -2.845380
-0.095106 0.015451 -2.888352
-0.000000 0.050000 -2.931033
0.095106 0.015451 -2.973462
0.058779 -0.040451 -3.015683
-0.058779 -0.040451 -3.057744
-0.095106 0.015451 -3.099696
-0.000000 0.050000 -3.141593
0.095106 0.015451 3.099696
0.058779 -0.040451 3.057744
-0.058779 -0.040451 3.015683
-0.095106 0.015451 2.973462
-0.000000 0.050000 2.931033
0.095106 0.015451 2.888352
0.058779 -0.040451 2.845380
-0.058779 -0.040451 2.802085
-0.095106 0.015451 2.758445
-0.000000 0.050000 2.714443
0.095106 0.015451 2.670076
0.058779 -0.040451 2.625348
-0.058779 -0.040451 2.580277
-0.095106 0.015451 2.534892
-0.000000 0.050000 2.489235
0.095106 0.015451 2.443359
0.058779 -0.040451 2.397330
-0.058779 -0.040451 2.351226
-0.095106 0.015451 2.305131
-0.000000 0.050000 2.259143
0.095106 0.015451 2.213361
0.058779 -0.040451 2.167892
-0.058779 -0.040451 2.122845
-0.095106 0.015451 2.078327
0.000000 0.050000 2.034444
0.095106 0.015451 1.991297
0.058779 -0.040451 1.948982
-0.058779 -0.040451 1.907585
-0.095106 0.015451 1.867184
0.000000 0.050000 1.827847
0.095106 0.015451 1.789630
0.058779 -0.040451 1.752581
-0.058779 -0.040451 1.716735
-0.095106 0.015451 1.682117
0.000000 0.050000 1.648746
0.095106 0.015451 1.616627
0.058779 -0.040451 1.585761
-0.058779 -0.040451 1.556142
-0.095106 0.015451 1.527755
-0.000000 0.050000 1.500583
0.095106 0.015451 1.474605
0.058779 -0.040451 1.449795
-0.058779 -0.040451 1.426125
-0.095106 0.015451 1.403566
-0.000000 0.050000 1.382086
0.095106 0.015451 1.361654
0.058779 -0.040451 1.342237
-0.058779 -0.040451 1.323804
-0.095106 0.015451 1.306322
-0.000000 0.050000 1.289761
0.095106 0.015451 1.274091
0.058779 -0.040451 1.259281
-0.058779 -0.040451 1.245304
-0.095106 0.015451 1.232132
-0.000000 0.050000 1.219739
0.095106 0.015451 1.208101
0.058779 -0.040451 1.197194
-0.058779 -0.040451 1.186997
-0.095106 0.015451 1.177489
-0.000000 0.050000 1.168650
0.095106 0.015451 1.160463
0.058779 -0.040451 1.152910
-0.058779 -0.040451 1.145977
-0.095106 0.015451 1.139649
-0.000000 0.050000 1.133914
0.095106 0.015451 1.128759
0.058779 -0.040451 1.124175
-0.058779 -0.040451 1.120152
-0.095106 0.015451 1.116681
-0.000000 0.050000 1.113756
0.095106 0.015451 1.111371
0.058779 -0.040451 1.109521
-0.058779 -0.040451 1.108202
-0.095106 0.015451 1.107412
-0.000000 0.050000 2.356194
0.095106 0.015451 2.356194
0.058779 -0.040451 2.356194
-0.058779 -0.040451 2.356194
-0.095106 0.015451 2.356194
0.000000 0.050000 2.356194
0.095106 0.015451 2.356194
0.058779 -0.040451 2.356194
-0.058779 -0.040451 2.356194
-0.095106 0.015451 2.356194
0.000000 0.050000 2.356194
0.095106 0.015451 2.356194
0.058779 -0.040451 2.356194
-0.058779 -0.040451 2.356194
-0.095106 0.015451 2.356194
-0.000000 0.050000 2.356194
0.095106 0.015451 2.356194
0.058779 -0.040451 2.356194
-0.058779 -0.040451 2.356194
-0.095106 0.015451 2.356194
-0.000000 0.050000 2.356194
0.095106 0.015451 2.356194
0.058779 -0.040451 2.356194
-0.058779 -0.040451 2.356194
-0.095106 0.015451 2.356194
-0.000000 0.050000 2.356194
0.095106 0.015451 2.356194
0.058779 -0.040451 2.356194
-0.058779 -0.040451 2.356194
-0.095106 0.015451 2.356194
-0.000000 0.050000 2.356194
0.095106 0.015451 2.356194
0.058779 -0.040451 2.356194
-0.058779 -0.040451 2.356194
-0.095106 0.015451 2.356194
-0.000000 0.050000 2.356194
0.095106 0.015451 2.356194
0.058779 -0.040451 2.356194
-0.058779 -0.040451 2.356194
-0.095106 0.015451 2.356194
-0.000000 0.050000 2.356194
0.095106 0.015451 2.356194
0.058779 -0.040451 2.356194
-0.058779 -0.040451 2.356194
-0.095106 0.015451 2.356194
-0.000000 0.050000 2.356194
0.095106 0.015451 2.356194
0.058779 -0.040451 2.356194
-0.058779 -0.040451 2.356194
-0.095106 0.015451 2.356194
-0.000000 0.050000 2.356194
0.095106 0.015451 2.356194
0.058779 -0.040451 2.356194
-0.058779 -0.040451 2.356194
-0.095106 0.015451 2.356194
0.000000 0.050000 2.356194
0.095106 0.015451 2.356194
0.058779 -0.040451 2.356194
-0.058779 -0.040451 2.356194
-0.095106 0.015451 2.356194
0.000000 0.050000 2.356194
0.095106 0.015451 2.356194
0.058779 -0.040451 2.356194
-0.058779 -0.040451 2.356194
-0.095106 0.015451 2.356194
0.000000 0.050000 2.356194
0.095106 0.015451 2.356194
0.058779 -0.040451 2.356194
-0.058779 -0.040451 2.356194
-0.095106 0.015451 2.356194
-0.000000 0.050000 2.356194
0.095106 0.015451 2.356194
0.058779 -0.040451 2.356194
-0.058779 -0.040451 2.356194
-0.095106 0.015451 2.356194
-0.000000 0.050000 2.356194
0.095106 0.015451 2.356194
0.058779 -0.040451 2.356194
-0.058779 -0.040451 2.356194
-0.095106 0.015451 2.356194
-0.000000 0.050000 2.356194
0.095106 0.015451 2.356194
0.058779 -0.040451 2.356194
-0.058779 -0.040451 2.356194
-0.095106 0.015451 2.356194
-0.000000 0.050000 2.356194
0.095106 0.015451 2.356194
0.058779 -0.040451 2.356194
-0.058779 -0.040451 2.356194
-0.095106 0.015451 2.356194
-0.000000 0.050000 2.356194
0.095106 0.015451 2.356194
0.058779 -0.040451 2.356194
-0.058779 -0.040451 2.356194
-0.095106 0.015451 2.356194
-0.000000 0.050000 2.356194
0.095106 0.015451 2.356194
0.058779 -0.040451 2.356194
-0.058779 -0.040451 2.356194
-0.095106 0.015451 2.356194
-0.000000 0.050000 2.356194
0.095106 0.015451 2.356194
0.058779 -0.040451 2.356194
-0.058779 -0.040451 2.356194
-0.095106 0.015451 2.356194
-0.000000 0.050000 2.356194
0.095106 0.015451 2.356194
0.058779 -0.040451 2.356194
-0.058779 -0.040451 2.356194
-0.095106 0.015451 2.356194
0.000000 0.050000 2.356194
0.095106 0.015451 2.356194
0.058779 -0.040451 2.356194
-0.058779 -0.040451 2.356194
-0.095106 0.015451 2.356194
0.000000 0.050000 2.356194
0.095106 0.015451 2.356194
0.058779 -0.040451 2.356194
-0.058779 -0.040451 2.356194
-0.095106 0.015451 2.356194
-0.000000 0.050000 2.356194
0.095106 0.015451 2.356194
0.058779 -0.040451 2.356194
-0.058779 -0.040451 2.356194
-0.095106 0.015451 2.356194
-0.000000 0.050000 2.356194
0.095106 0.015451 2.356194
0.058779 -0.040451 2.356194
-0.058779 -0.040451 2.356194
-0.095106 0.015451 2.356194
-0.000000 0.050000 2.356194
0.095106 0.015451 2.356194
0.058779 -0.040451 2.356194
-0.058779 -0.040451 2.356194
-0.095106 0.015451 2.356194
-0.000000 0.050000 2.356194
0.095106 0.015451 2.356194
0.058779 -0.040451 2.356194
-0.058779 -0.040451 2.356194
-0.095106 0.015451 2.356194
-0.000000 0.050000 2.356194
0.095106 0.015451 2.356194
0.058779 -0.040451 2.356194
-0.058779 -0.040451 2.356194
-0.095106 0.015451 2.356194
-0.000000 0.050000 2.356194
0.095106 0.015451 2.356194
0.058779 -0.040451 2.356194
-0.058779 -0.040451 2.356194
-0.095106 0.015451 2.356194
-0.000000 0.050000 2.356194
0.095106 0.015451 2.356194
0.058779 -0.040451 2.356194
-0.058779 -0.040451 2.356194
-0.095106 0.015451 2.356194
-0.000000 0.050000 2.356194
0.095106 0.015451 2.356194
0.058779 -0.040451 2.356194
-0.058779 -0.040451 2.356194
-0.095106 0.015451 2.356194
0.000000 0.050000 2.356194
0.095106 0.015451 2.356194
0.058779 -0.040451 2.356194
-0.058779 -0.040451 2.356194
-0.095106 0.015451 2.356194
0.000000 0.050000 2.356194
0.095106 0.015451 2.356194
0.058779 -0.040451 2.356194
-0.058779 -0.040451 2.356194
-0.095106 0.015451 2.356194
0.000000 0.050000 2.356194
0.095106 0.015451 2.356194
0.058779 -0.040451 2.356194
-0.058779 -0.040451 2.356194
-0.095106 0.015451 2.356194
-0.000000 0.050000 2.356194
0.095106 0.015451 2.356194
0.058779 -0.040451 2.356194
-0.058779 -0.040451 2.356194
-0.095106 0.015451 2.356194
-0.000000 0.050000 2.356194
0.095106 0.015451 2.356194
0.058779 -0.040451 2.356194
-0.058779 -0.040451 2.356194
-0.095106 0.015451 2.356194
-0.000000 0.050000 2.356194
0.095106 0.015451 2.356194
0.058779 -0.040451 2.356194
-0.058779 -0.040451 2.356194
-0.095106 0.015451 2.356194
-0.000000 0.050000 2.356194
0.095106 0.015451 2.356194
0.058779 -0.040451 2.356194
-0.058779 -0.040451 2.356194
-0.095106 0.015451 2.356194
-0.000000 0.050000 2.356194
0.095106 0.015451 2.356194
0.058779 -0.040451 2.356194
-0.058779 -0.040451 2.356194
-0.095106 0.015451 2.356194
-0.000000 0.050000 2.356194
0.095106 0.015451 2.356194
0.058779 -0.040451 2.356194
-0.058779 -0.040451 2.356194
-0.095106 0.015451 2.356194
-0.000000 0.050000 2.356194
0.095106 0.015451 2.356194
0.058779 -0.040451 2.356194
-0.058779 -0.040451 2.356194
-0.095106 0.015451 2.356194
-0.000000 0.050000 2.356194
0.095106 0.015451 2.356194
0.058779 -0.040451 2.356194
-0.058779 -0.040451 2.356194
-0.095106 0.015451 2.356194
0.000000 0.050000 2.356194
0.095106 0.015451 2.356194
0.058779 -0.040451 2.356194
-0.058779 -0.040451 2.356194
-0.095106 0.015451 2.356194
0.000000 0.050000 2.356194
0.095106 0.015451 2.356194
0.058779 -0.040451 2.356194
-0.058779 -0.040451 2.356194
-0.095106 0.015451 2.356194
-0.000000 0.050000 2.356194
0.095106 0.015451 2.356194
0.058779 -0.040451 2.356194
-0.058779 -0.040451 2.356194
-0.095106 0.015451 2.356194
-0.000000 0.050000 2.356194
0.095106 0.015451 2.356194
0.058779 -0.040451 2.356194
-0.058779 -0.040451 2.356194
-0.095106 0.015451 2.356194
-0.000000 0.050000 2.356194
0.095106 0.015451 2.356194
0.058779 -0.040451 2.356194
-0.058779 -0.040451 2.356194
-0.095106 0.015451 2.356194
-0.000000 0.050000 2.356194
0.095106 0.015451 2.356194
0.058779 -0.040451 2.356194
-0.058779 -0.040451 2.356194
-0.095106 0.015451 2.356194
-0.000000 0.050000 2.356194
0.095106 0.015451 2.356194
0.058779 -0.040451 2.356194
-0.058779 -0.040451 2.356194
-0.095106 0.015451 2.356194
-0.000000 0.050000 2.356194
0.095106 0.015451 2.356194
0.058779 -0.040451 2.356194
-0.058779 -0.040451 2.356194
-0.095106 0.015451 2.356194
-0.000000 0.050000 2.356194
0.095106 0.015451 2.356194
0.058779 -0.040451 2.356194
-0.058779 -0.040451 2.356194
-0.095106 0.015451 2.356194
-0.000000 0.050000 2.356194
0.095106 0.015451 2.356194
0.058779 -0.040451 2.356194
-0.058779 -0.040451 2.356194
-0.095106 0.015451 2.356194
-0.000000 0.050000 2.356194
0.095106 0.015451 2.356194
0.058779 -0.040451 2.356194
-0.058779 -0.040451 2.356194
-0.095106 0.015451 2.356194
0.000000 0.050000 2.356194
0.095106 0.015451 2.356194
0.058779 -0.040451 2.356194
-0.058779 -0.040451 2.356194
-0.095106 0.015451 2.356194
0.000000 0.050000 2.356194
0.095106 0.015451 2.356194
0.058779 -0.040451 2.356194
-0.058779 -0.040451 2.356194
-0.095106 0.015451 2.356194
-0.000000 0.050000 2.356194
0.095106 0.015451 2.356194
0.058779 -0.040451 2.356194
-0.058779 -0.040451 2.356194
-0.095106 0.015451 2.356194
-0.000000 0.050000 2.356194
0.095106 0.015451 2.356194
0.058779 -0.040451 2.356194
-0.058779 -0.040451 2.356194
-0.095106 0.015451 2.356194
-0.000000 0.050000 2.356194
0.095106 0.015451 2.356194
0.058779 -0.040451 2.356194
-0.058779 -0.040451 2.356194
-0.095106 0.015451 2.356194
-0.000000 0.050000 2.356194
0.095106 0.015451 2.356194
0.058779 -0.040451 2.356194
-0.058779 -0.040451 2.356194
-0.095106 0.015451 2.356194
-0.000000 0.050000 0.000000
0.095106 0.015451 0.000000
0.058779 -0.040451 0.000000
-0.058779 -0.040451 0.000000
-0.095106 0.015451 0.000000
-0.000000 0.050000 0.000000
0.095106 0.015451 0.000000
0.058779 -0.040451 0.000000
-0.058779 -0.040451 0.000000
-0.095106 0.015451 0.000000
-0.000000 0.050000 0.000000
0.095106 0.015451 0.000000
0.058779 -0.040451 0.000000
-0.058779 -0.040451 0.000000
-0.095106 0.015451 0.000000
-0.000000 0.050000 0.000000
0.095106 0.015451 0.000000
0.058779 -0.040451 0.000000
-0.058779 -0.040451 0.000000
-0.095106 0.015451 0.000000
-0.000000 0.050000 0.000000
0.095106 0.015451 0.000000
0.058779 -0.040451 0.000000
-0.058779 -0.040451 0.000000
-0.095106 0.015451 0.000000
0.000000 0.050000 0.000000
0.095106 0.015451 0.000000
0.058779 -0.040451 0.000000
-0.058779 -0.040451 0.000000
-0.095106 0.015451 0.000000
-0.000000 0.050000 0.000000
0.095106 0.015451 0.000000
0.058779 -0.040451 0.000000
-0.058779 -0.040451 0.000000
-0.095106 0.015451 0.000000
-0.000000 0.050000 0.000000
0.095106 0.015451 0.000000
0.058779 -0.040451 0.000000
-0.058779 -0.040451 0.000000
-0.095106 0.015451 0.000000
-0.000000 0.050000 0.000000
0.095106 0.015451 0.000000
0.058779 -0.040451 0.000000
-0.058779 -0.040451 0.000000
-0.095106 0.015451 0.000000
-0.000000 0.050000 0.000000
0.095106 0.015451 0.000000
0.058779 -0.040451 0.000000
-0.058779 -0.040451 0.000000
-0.095106 0.015451 0.000000
-0.000000 0.050000 0.000000
0.095106 0.015451 0.000000
0.058779 -0.040451 0.000000
-0.058779 -0.040451 0.000000
-0.095106 0.015451 0.000000
-0.000000 0.050000 0.000000
0.095106 0.015451 0.000000
0.058779 -0.040451 0.000000
-0.058779 -0.040451 0.000000
-0.095106 0.015451 0.000000
-0.000000 0.050000 0.000000
0.095106 0.015451 0.000000
0.058779 -0.040451 0.000000
-0.058779 -0.040451 0.000000
-0.095106 0.015451 0.000000
-0.000000 0.050000 0.000000
0.095106 0.015451 0.000000
0.058779 -0.040451 0.000000
-0.058779 -0.040451 0.000000
-0.095106 0.015451 0.000000
-0.000000 0.050000 0.000000
0.095106 0.015451 0.000000
0.058779 -0.040451 0.000000
-0.058779 -0.040451 0.000000
-0.095106 0.015451 0.000000
0.000000 0.050000 3.141593
0.095106 0.015451 3.141593
0.058779 -0.040451 3.141593
-0.058779 -0.040451 3.141593
-0.095106 0.015451 3.141593
0.000000 0.050000 3.141593
0.095106 0.015451 3.141593
0.058779 -0.040451 3.141593
-0.058779 -0.040451 3.141593
-0.095106 0.015451 3.141593
-0.000000 0.050000 3.141593
0.095106 0.015451 3.141593
0.058779 -0.040451 3.141593
-0.058779 -0.040451 3.141593
-0.095106 0.015451 3.141593
-0.000000 0.050000 3.141593
0.095106 0.015451 3.141593
0.058779 -0.040451 3.141593
-0.058779 -0.040451 3.141593
-0.095106 0.015451 3.141593
-0.000000 0.050000 3.141593
0.095106 0.015451 3.141593
0.058779 -0.040451 3.141593
-0.058779 -0.040451 3.141593
-0.095106 0.015451 3.141593
-0.000000 0.050000 3.141593
0.095106 0.015451 3.141593
0.058779 -0.040451 3.141593
-0.058779 -0.040451 3.141593
-0.095106 0.015451 3.141593
-0.000000 0.050000 3.141593
0.095106 0.015451 3.141593
0.058779 -0.040451 3.141593
-0.058779 -0.040451 3.141593
-0.095106 0.015451 3.141593
-0.000000 0.050000 3.141593
0.095106 0.015451 3.141593
0.058779 -0.040451 3.141593
-0.058779 -0.040451 3.141593
-0.095106 0.015451 3.141593
-0.000000 0.050000 3.141593
0.095106 0.015451 3.141593
0.058779 -0.040451 3.141593
-0.058779 -0.040451 3.141593
-0.095106 0.015451 3.141593
-0.000000 0.050000 3.141593
0.095106 0.015451 3.141593
0.058779 -0.040451 3.141593
-0.058779 -0.040451 3.141593
-0.095106 0.015451 3.141593
-0.000000 0.050000 3.141593
0.095106 0.015451 3.141593
0.058779 -0.040451 3.141593
-0.058779 -0.040451 3.141593
-0.095106 0.015451 3.141593
-0.000000 0.050000 3.141593
0.095106 0.015451 3.141593
0.058779 -0.040451 3.141593
-0.058779 -0.040451 3.141593
-0.095106 0.015451 3.141593
-0.000000 0.050000 3.141593
0.095106 0.015451 3.141593
0.058779 -0.040451 3.141593
-0.058779 -0.040451 3.141593
-0.095106 0.015451 3.141593
-0.000000 0.050000 3.141593
0.095106 0.015451 3.141593
0.058779 -0.040451 3.141593
-0.058779 -0.040451 3.141593
-0.095106 0.015451 3.141593
-0.000000 0.050000 3.141593
0.095106 0.015451 3.141593
0.058779 -0.040451 3.141593
-0.058779 -0.040451 3.141593
-0.095106 0.015451 3.141593
-0.000000 0.050000 0.000000
0.095106 0.015451 0.000000
0.058779 -0.040451 0.000000
-0.058779 -0.040451 0.000000
-0.095106 0.015451 0.000000
-0.000000 0.050000 0.000000
0.095106 0.015451 0.000000
0.058779 -0.040451 0.000000
-0.058779 -0.040451 0.000000
-0.095106 0.015451 0.000000
0.000000 0.050000 0.000000
0.095106 0.015451 0.000000
0.058779 -0.040451 0.000000
-0.058779 -0.040451 0.000000
-0.095106 0.015451 0.000000
-0.000000 0.050000 0.000000
0.095106 0.015451 0.000000
0.058779 -0.040451 0.000000
-0.058779 -0.040451 0.000000
-0.095106 0.015451 0.000000
0.000000 0.050000 0.000000
0.095106 0.015451 0.000000
0.058779 -0.040451 0.000000
-0.058779 -0.040451 0.000000
-0.095106 0.015451 0.000000
-0.000000 0.050000 0.000000
0.095106 0.015451 0.000000
0.058779 -0.040451 0.000000
-0.058779 -0.040451 0.000000
-0.095106 0.015451 0.000000
0.000000 0.050000 0.000000
0.095106 0.015451 0.000000
0.058779 -0.040451 0.000000
-0.058779 -0.040451 0.000000
-0.095106 0.015451 0.000000
-0.000000 0.050000 0.000000
0.095106 0.015451 0.000000
0.058779 -0.040451 0.000000
-0.058779 -0.040451 0.000000
-0.095106 0.015451 0.000000
-0.000000 0.050000 0.000000
0.095106 0.015451 0.000000
0.058779 -0.040451 0.000000
-0.058779 -0.040451 0.000000
-0.095106 0.015451 0.000000
-0.000000 0.050000 0.000000
0.095106 0.015451 0.000000
0.058779 -0.040451 0.000000
-0.058779 -0.040451 0.000000
-0.095106 0.015451 0.000000
-0.000000 0.050000 0.000000
0.095106 0.015451 0.000000
0.058779 -0.040451 0.000000
-0.058779 -0.040451 0.000000
-0.095106 0.015451 0.000000
-0.000000 0.050000 0.000000
0.095106 0.015451 0.000000
0.058779 -0.040451 0.000000
-0.058779 -0.040451 0.000000
-0.095106 0.015451 0.000000
-0.000000 0.050000 0.000000
0.095106 0.015451 0.000000
0.058779 -0.040451 0.000000
-0.058779 -0.040451 0.000000
-0.095106 0.015451 0.000000
0.000000 0.050000 0.000000
0.095106 0.015451 0.000000
0.058779 -0.040451 0.000000
-0.058779 -0.040451 0.000000
-0.095106 0.015451 0.000000
-0.000000 0.050000 0.000000
0.095106 0.015451 0.000000
0.058779 -0.040451 0.000000
-0.058779 -0.040451 0.000000
-0.095106 0.015451 0.000000
0.000000 0.050000 3.141593
0.095106 0.015451 3.141593
0.058779 -0.040451 3.141593
-0.058779 -0.040451 3.141593
-0.095106 0.015451 3.141593
-0.000000 0.050000 3.141593
0.095106 0.015451 3.141593
0.058779 -0.040451 3.141593
-0.058779 -0.040451 3.141593
-0.095106 0.015451 3.141593
0.000000 0.050000 3.141593
0.095106 0.015451 3.141593
0.058779 -0.040451 3.141593
-0.058779 -0.040451 3.141593
-0.095106 0.015451 3.141593
-0.000000 0.050000 3.141593
0.095106 0.015451 3.141593
0.058779 -0.040451 3.141593
-0.058779 -0.040451 3.141593
-0.095106 0.015451 3.141593
-0.000000 0.050000 3.141593
0.095106 0.015451 3.141593
0.058779 -0.040451 3.141593
-0.058779 -0.040451 3.141593
-0.095106 0.015451 3.141593
-0.000000 0.050000 3.141593
0.095106 0.015451 3.141593
0.058779 -0.040451 3.141593
-0.058779 -0.040451 3.141593
-0.095106 0.015451 3.141593
-0.000000 0.050000 3.141593
0.095106 0.015451 3.141593
0.058779 -0.040451 3.141593
-0.058779 -0.040451 3.141593
-0.095106 0.015451 3.141593
-0.000000 0.050000 3.141593
0.095106 0.015451 3.141593
0.058779 -0.040451 3.141593
-0.058779 -0.040451 3.141593
-0.095106 0.015451 3.141593
-0.000000 0.050000 3.141593
0.095106 0.015451 3.141593
0.058779 -0.040451 3.141593
-0.058779 -0.040451 3.141593
-0.095106 0.015451 3.141593
0.000000 0.050000 3.141593
0.095106 0.015451 3.141593
0.058779 -0.040451 3.141593
-0.058779 -0.040451 3.141593
-0.095106 0.015451 3.141593
-0.000000 0.050000 3.141593
0.095106 0.015451 3.141593
0.058779 -0.040451 3.141593
-0.058779 -0.040451 3.141593
-0.095106 0.015451 3.141593
0.000000 0.050000 3.141593
0.095106 0.015451 3.141593
0.058779 -0.040451 3.141593
-0.058779 -0.040451 3.141593
-0.095106 0.015451 3.141593
-0.000000 0.050000 3.141593
0.095106 0.015451 3.141593
0.058779 -0.040451 3.141593
-0.058779 -0.040451 3.141593
-0.095106 0.015451 3.141593
0.000000 0.050000 3.141593
0.095106 0.015451 3.141593
0.058779 -0.040451 3.141593
-0.058779 -0.040451 3.141593
-0.095106 0.015451 3.141593
-0.000000 0.050000 3.141593
0.095106 0.015451 3.141593
0.058779 -0.040451 3.141593
-0.058779 -0.040451 3.141593
-0.095106 0.015451 3.141593
