# x (m), y (m), z (m)
10.000000 0.000000 0.000000
9.999452 0.104718 0.000000
9.997807 0.209424 0.000000
9.995066 0.314108 0.000000
9.991228 0.418757 0.000000
9.986295 0.523360 0.000000
9.980267 0.627905 0.000000
9.973145 0.732382 0.000000
9.964929 0.836778 0.000000
9.955620 0.941083 0.000000
9.945219 1.045285 0.000000
9.933728 1.149372 0.000000
9.921147 1.253332 0.000000
9.907478 1.357156 0.000000
9.892723 1.460830 0.000000
9.876883 1.564345 0.000000
9.859960 1.667687 0.000000
9.841956 1.770847 0.000000
9.822873 1.873813 0.000000
9.802712 1.976573 0.000000
9.781476 2.079117 0.000000
9.759168 2.181432 0.000000
9.735789 2.283509 0.000000
9.711343 2.385335 0.000000
9.685832 2.486899 0.000000
9.659258 2.588190 0.000000
9.631626 2.689198 0.000000
9.602937 2.789911 0.000000
9.573195 2.890318 0.000000
9.542403 2.990408 0.000000
9.510565 3.090170 0.000000
9.477684 3.189593 0.000000
9.443764 3.288666 0.000000
9.408808 3.387379 0.000000
9.372820 3.485720 0.000000
9.335804 3.583679 0.000000
9.297765 3.681246 0.000000
9.258706 3.778408 0.000000
9.218632 3.875156 0.000000
9.177546 3.971479 0.000000
9.135455 4.067366 0.000000
9.092361 4.162808 0.000000
9.048271 4.257793 0.000000
9.003188 4.352311 0.000000
8.957118 4.446352 0.000000
8.910065 4.539905 0.000000
8.862036 4.632960 0.000000
8.813035 4.725508 0.000000
8.763067 4.817537 0.000000
8.712138 4.909038 0.000000
8.660254 5.000000 0.000000
8.607420 5.090414 0.000000
8.553643 5.180270 0.000000
8.498927 5.269558 0.000000
8.443279 5.358268 0.000000
8.386706 5.446390 0.000000
8.329212 5.533915 0.000000
8.270806 5.620834 0.000000
8.211492 5.707136 0.000000
8.151278 5.792812 0.000000
8.090170 5.877853 0.000000
8.028175 5.962249 0.000000
7.965299 6.045991 0.000000
7.901550 6.129071 0.000000
7.836935 6.211478 0.000000
7.771460 6.293204 0.000000
7.705132 6.374240 0.000000
7.637960 6.454577 0.000000
7.569951 6.534206 0.000000
7.501111 6.613119 0.000000
7.431448 6.691306 0.000000
7.360971 6.768760 0.000000
7.289686 6.845471 0.000000
7.217602 6.921432 0.000000
7.144727 6.996633 0.000000
7.071068 7.071068 0.000000
6.996633 7.144727 0.000000
6.921432 7.217602 0.000000
6.845471 7.289686 0.000000
6.768760 7.360971 0.000000
6.691306 7.431448 0.000000
6.613119 7.501111 0.000000
6.534206 7.569951 0.000000
6.454577 7.637960 0.000000
6.374240 7.705132 0.000000
6.293204 7.771460 0.000000
6.211478 7.836935 0.000000
6.129071 7.901550 0.000000
6.045991 7.965299 0.000000
5.962249 8.028175 0.000000
5.877853 8.090170 0.000000
5.792812 8.151278 0.000000
5.707136 8.211492 0.000000
5.620834 8.270806 0.000000
5.533915 8.329212 0.000000
5.446390 8.386706 0.000000
5.358268 8.443279 0.000000
5.269558 8.498927 0.000000
5.180270 8.553643 0.000000
5.090414 8.607420 0.000000
5.000000 8.660254 0.000000
4.909038 8.712138 0.000000
4.817537 8.763067 0.000000
4.725508 8.813035 0.000000
4.632960 8.862036 0.000000
4.539905 8.910065 0.000000
4.446352 8.957118 0.000000
4.352311 9.003188 0.000000
4.257793 9.048271 0.000000
4.162808 9.092361 0.000000
4.067366 9.135455 0.000000
3.971479 9.177546 0.000000
3.875156 9.218632 0.000000
3.778408 9.258706 0.000000
3.681246 9.297765 0.000000
3.583679 9.335804 0.000000
3.485720 9.372820 0.000000
3.387379 9.408808 0.000000
3.288666 9.443764 0.000000
3.189593 9.477684 0.000000
3.090170 9.510565 0.000000
2.990408 9.542403 0.000000
2.890318 9.573195 0.000000
2.789911 9.602937 0.000000
2.689198 9.631626 0.000000
2.588190 9.659258 0.000000
2.486899 9.685832 0.000000
2.385335 9.711343 0.000000
2.283509 9.735789 0.000000
2.181432 9.759168 0.000000
2.079117 9.781476 0.000000
1.976573 9.802712 0.000000
1.873813 9.822873 0.000000
1.770847 9.841956 0.000000
1.667687 9.859960 0.000000
1.564345 9.876883 0.000000
1.460830 9.892723 0.000000
1.357156 9.907478 0.000000
1.253332 9.921147 0.000000
1.149372 9.933728 0.000000
1.045285 9.945219 0.000000
0.941083 9.955620 0.000000
0.836778 9.964929 0.000000
0.732382 9.973145 0.000000
0.627905 9.980267 0.000000
0.523360 9.986295 0.000000
0.418757 9.991228 0.000000
0.314108 9.995066 0.000000
0.209424 9.997807 0.000000
0.104718 9.999452 0.000000
0.000000 10.000000 0.000000
-0.104718 9.999452 0.000000
-0.209424 9.997807 0.000000
-0.314108 9.995066 0.000000
-0.418757 9.991228 0.000000
-0.523360 9.986295 0.000000
-0.627905 9.980267 0.000000
-0.732382 9.973145 0.000000
-0.836778 9.964929 0.000000
-0.941083 9.955620 0.000000
-1.045285 9.945219 0.000000
-1.149372 9.933728 0.000000
-1.253332 9.921147 0.000000
-1.357156 9.907478 0.000000
-1.460830 9.892723 0.000000
-1.564345 9.876883 0.000000
-1.667687 9.859960 0.000000
-1.770847 9.841956 0.000000
-1.873813 9.822873 0.000000
-1.976573 9.802712 0.000000
-2.079117 9.781476 0.000000
-2.181432 9.759168 0.000000
-2.283509 9.735789 0.000000
-2.385335 9.711343 0.000000
-2.486899 9.685832 0.000000
-2.588190 9.659258 0.000000
-2.689198 9.631626 0.000000
-2.789911 9.602937 0.000000
-2.890318 9.573195 0.000000
-2.990408 9.542403 0.000000
-3.090170 9.510565 0.000000
-3.189593 9.477684 0.000000
-3.288666 9.443764 0.000000
-3.387379 9.408808 0.000000
-3.485720 9.372820 0.000000
-3.583679 9.335804 0.000000
-3.681246 9.297765 0.000000
-3.778408 9.258706 0.000000
-3.875156 9.218632 0.000000
-3.971479 9.177546 0.000000
-4.067366 9.135455 0.000000
-4.162808 9.092361 0.000000
-4.257793 9.048271 0.000000
-4.352311 9.003188 0.000000
-4.446352 8.957118 0.000000
-4.539905 8.910065 0.000000
-4.632960 8.862036 0.000000
-4.725508 8.813035 0.000000
-4.817537 8.763067 0.000000
-4.909038 8.712138 0.000000
-5.000000 8.660254 0.000000
-5.090414 8.607420 0.000000
-5.180270 8.553643 0.000000
-5.269558 8.498927 0.000000
-5.358268 8.443279 0.000000
-5.446390 8.386706 0.000000
-5.533915 8.329212 0.000000
-5.620834 8.270806 0.000000
-5.707136 8.211492 0.000000
-5.792812 8.151278 0.000000
-5.877853 8.090170 0.000000
-5.962249 8.028175 0.000000
-6.045991 7.965299 0.000000
-6.129071 7.901550 0.000000
-6.211478 7.836935 0.000000
-6.293204 7.771460 0.000000
-6.374240 7.705132 0.000000
-6.454577 7.637960 0.000000
-6.534206 7.569951 0.000000
-6.613119 7.501111 0.000000
-6.691306 7.431448 0.000000
-6.768760 7.360971 0.000000
-6.845471 7.289686 0.000000
-6.921432 7.217602 0.000000
-6.996633 7.144727 0.000000
-7.071068 7.071068 0.000000
-7.144727 6.996633 0.000000
-7.217602 6.921432 0.000000
-7.289686 6.845471 0.000000
-7.360971 6.768760 0.000000
-7.431448 6.691306 0.000000
-7.501111 6.613119 0.000000
-7.569951 6.534206 0.000000
-7.637960 6.454577 0.000000
-7.705132 6.374240 0.000000
-7.771460 6.293204 0.000000
-7.836935 6.211478 0.000000
-7.901550 6.129071 0.000000
-7.965299 6.045991 0.000000
-8.028175 5.962249 0.000000
-8.090170 5.877853 0.000000
-8.151278 5.792812 0.000000
-8.211492 5.707136 0.000000
-8.270806 5.620834 0.000000
-8.329212 5.533915 0.000000
-8.386706 5.446390 0.000000
-8.443279 5.358268 0.000000
-8.498927 5.269558 0.000000
-8.553643 5.180270 0.000000
-8.607420 5.090414 0.000000
-8.660254 5.000000 0.000000
-8.712138 4.909038 0.000000
-8.763067 4.817537 0.000000
-8.813035 4.725508 0.000000
-8.862036 4.632960 0.000000
-8.910065 4.539905 0.000000
-8.957118 4.446352 0.000000
-9.003188 4.352311 0.000000
-9.048271 4.257793 0.000000
-9.092361 4.162808 0.000000
-9.135455 4.067366 0.000000
-9.177546 3.971479 0.000000
-9.218632 3.875156 0.000000
-9.258706 3.778408 0.000000
-9.297765 3.681246 0.000000
-9.335804 3.583679 0.000000
-9.372820 3.485720 0.000000
-9.408808 3.387379 0.000000
-9.443764 3.288666 0.000000
-9.477684 3.189593 0.000000
-9.510565 3.090170 0.000000
-9.542403 2.990408 0.000000
-9.573195 2.890318 0.000000
-9.602937 2.789911 0.000000
-9.631626 2.689198 0.000000
-9.659258 2.588190 0.000000
-9.685832 2.486899 0.000000
-9.711343 2.385335 0.000000
-9.735789 2.283509 0.000000
-9.759168 2.181432 0.000000
-9.781476 2.079117 0.000000
-9.802712 1.976573 0.000000
-9.822873 1.873813 0.000000
-9.841956 1.770847 0.000000
-9.859960 1.667687 0.000000
-9.876883 1.564345 0.000000
-9.892723 1.460830 0.000000
-9.907478 1.357156 0.000000
-9.921147 1.253332 0.000000
-9.933728 1.149372 0.000000
-9.945219 1.045285 0.000000
-9.955620 0.941083 0.000000
-9.964929 0.836778 0.000000
-9.973145 0.732382 0.000000
-9.980267 0.627905 0.000000
-9.986295 0.523360 0.000000
-9.991228 0.418757 0.000000
-9.995066 0.314108 0.000000
-9.997807 0.209424 0.000000
-9.999452 0.104718 0.000000
-10.000000 0.000000 0.000000
-9.999452 -0.104718 0.000000
-9.997807 -0.209424 0.000000
-9.995066 -0.314108 0.000000
-9.991228 -0.418757 0.000000
-9.986295 -0.523360 0.000000
-9.980267 -0.627905 0.000000
-9.973145 -0.732382 0.000000
-9.964929 -0.836778 0.000000
-9.955620 -0.941083 0.000000
-9.945219 -1.045285 0.000000
-9.933728 -1.149372 0.000000
-9.921147 -1.253332 0.000000
-9.907478 -1.357156 0.000000
-9.892723 -1.460830 0.000000
-9.876883 -1.564345 0.000000
-9.859960 -1.667687 0.000000
-9.841956 -1.770847 0.000000
-9.822873 -1.873813 0.000000
-9.802712 -1.976573 0.000000
-9.781476 -2.079117 0.000000
-9.759168 -2.181432 0.000000
-9.735789 -2.283509 0.000000
-9.711343 -2.385335 0.000000
-9.685832 -2.486899 0.000000
-9.659258 -2.588190 0.000000
-9.631626 -2.689198 0.000000
-9.602937 -2.789911 0.000000
-9.573195 -2.890318 0.000000
-9.542403 -2.990408 0.000000
-9.510565 -3.090170 0.000000
-9.477684 -3.189593 0.000000
-9.443764 -3.288666 0.000000
-9.408808 -3.387379 0.000000
-9.372820 -3.485720 0.000000
-9.335804 -3.583679 0.000000
-9.297765 -3.681246 0.000000
-9.258706 -3.778408 0.000000
-9.218632 -3.875156 0.000000
-9.177546 -3.971479 0.000000
-9.135455 -4.067366 0.000000
-9.092361 -4.162808 0.000000
-9.048271 -4.257793 0.000000
-9.003188 -4.352311 0.000000
-8.957118 -4.446352 0.000000
-8.910065 -4.539905 0.000000
-8.862036 -4.632960 0.000000
-8.813035 -4.725508 0.000000
-8.763067 -4.817537 0.000000
-8.712138 -4.909038 0.000000
-8.660254 -5.000000 0.000000
-8.607420 -5.090414 0.000000
-8.553643 -5.180270 0.000000
-8.498927 -5.269558 0.000000
-8.443279 -5.358268 0.000000
-8.386706 -5.446390 0.000000
-8.329212 -5.533915 0.000000
-8.270806 -5.620834 0.000000
-8.211492 -5.707136 0.000000
-8.151278 -5.792812 0.000000
-8.090170 -5.877853 0.000000
-8.028175 -5.962249 0.000000
-7.965299 -6.045991 0.000000
-7.901550 -6.129071 0.000000
-7.836935 -6.211478 0.000000
-7.771460 -6.293204 0.000000
-7.705132 -6.374240 0.000000
-7.637960 -6.454577 0.000000
-7.569951 -6.534206 0.000000
-7.501111 -6.613119 0.000000
-7.431448 -6.691306 0.000000
-7.360971 -6.768760 0.000000
-7.289686 -6.845471 0.000000
-7.217602 -6.921432 0.000000
-7.144727 -6.996633 0.000000
-7.071068 -7.071068 0.000000
-6.996633 -7.144727 0.000000
-6.921432 -7.217602 0.000000
-6.845471 -7.289686 0.000000
-6.768760 -7.360971 0.000000
-6.691306 -7.431448 0.000000
-6.613119 -7.501111 0.000000
-6.534206 -7.569951 0.000000
-6.454577 -7.637960 0.000000
-6.374240 -7.705132 0.000000
-6.293204 -7.771460 0.000000
-6.211478 -7.836935 0.000000
-6.129071 -7.901550 0.000000
-6.045991 -7.965299 0.000000
-5.962249 -8.028175 0.000000
-5.877853 -8.090170 0.000000
-5.792812 -8.151278 0.000000
-5.707136 -8.211492 0.000000
-5.620834 -8.270806 0.000000
-5.533915 -8.329212 0.000000
-5.446390 -8.386706 0.000000
-5.358268 -8.443279 0.000000
-5.269558 -8.498927 0.000000
-5.180270 -8.553643 0.000000
-5.090414 -8.607420 0.000000
-5.000000 -8.660254 0.000000
-4.909038 -8.712138 0.000000
-4.817537 -8.763067 0.000000
-4.725508 -8.813035 0.000000
-4.632960 -8.862036 0.000000
-4.539905 -8.910065 0.000000
-4.446352 -8.957118 0.000000
-4.352311 -9.003188 0.000000
-4.257793 -9.048271 0.000000
-4.162808 -9.092361 0.000000
-4.067366 -9.135455 0.000000
-3.971479 -9.177546 0.000000
-3.875156 -9.218632 0.000000
-3.778408 -9.258706 0.000000
-3.681246 -9.297765 0.000000
-3.583679 -9.335804 0.000000
-3.485720 -9.372820 0.000000
-3.387379 -9.408808 0.000000
-3.288666 -9.443764 0.000000
-3.189593 -9.477684 0.000000
-3.090170 -9.510565 0.000000
-2.990408 -9.542403 0.000000
-2.890318 -9.573195 0.000000
-2.789911 -9.602937 0.000000
-2.689198 -9.631626 0.000000
-2.588190 -9.659258 0.000000
-2.486899 -9.685832 0.000000
-2.385335 -9.711343 0.000000
-2.283509 -9.735789 0.000000
-2.181432 -9.759168 0.000000
-2.079117 -9.781476 0.000000
-1.976573 -9.802712 0.000000
-1.873813 -9.822873 0.000000
-1.770847 -9.841956 0.000000
-1.667687 -9.859960 0.000000
-1.564345 -9.876883 0.000000
-1.460830 -9.892723 0.000000
-1.357156 -9.907478 0.000000
-1.253332 -9.921147 0.000000
-1.149372 -9.933728 0.000000
-1.045285 -9.945219 0.000000
-0.941083 -9.955620 0.000000
-0.836778 -9.964929 0.000000
-0.732382 -9.973145 0.000000
-0.627905 -9.980267 0.000000
-0.523360 -9.986295 0.000000
-0.418757 -9.991228 0.000000
-0.314108 -9.995066 0.000000
-0.209424 -9.997807 0.000000
-0.104718 -9.999452 0.000000
-0.000000 -10.000000 0.000000
0.104718 -9.999452 0.000000
0.209424 -9.997807 0.000000
0.314108 -9.995066 0.000000
0.418757 -9.991228 0.000000
0.523360 -9.986295 0.000000
0.627905 -9.980267 0.000000
0.732382 -9.973145 0.000000
0.836778 -9.964929 0.000000
0.941083 -9.955620 0.000000
1.045285 -9.945219 0.000000
1.149372 -9.933728 0.000000
1.253332 -9.921147 0.000000
1.357156 -9.907478 0.000000
1.460830 -9.892723 0.000000
1.564345 -9.876883 0.000000
1.667687 -9.859960 0.000000
1.770847 -9.841956 0.000000
1.873813 -9.822873 0.000000
1.976573 -9.802712 0.000000
2.079117 -9.781476 0.000000
2.181432 -9.759168 0.000000
2.283509 -9.735789 0.000000
2.385335 -9.711343 0.000000
2.486899 -9.685832 0.000000
2.588190 -9.659258 0.000000
2.689198 -9.631626 0.000000
2.789911 -9.602937 0.000000
2.890318 -9.573195 0.000000
2.990408 -9.542403 0.000000
3.090170 -9.510565 0.000000
3.189593 -9.477684 0.000000
3.288666 -9.443764 0.000000
3.387379 -9.408808 0.000000
3.485720 -9.372820 0.000000
3.583679 -9.335804 0.000000
3.681246 -9.297765 0.000000
3.778408 -9.258706 0.000000
3.875156 -9.218632 0.000000
3.971479 -9.177546 0.000000
4.067366 -9.135455 0.000000
4.162808 -9.092361 0.000000
4.257793 -9.048271 0.000000
4.352311 -9.003188 0.000000
4.446352 -8.957118 0.000000
4.539905 -8.910065 0.000000
4.632960 -8.862036 0.000000
4.725508 -8.813035 0.000000
4.817537 -8.763067 0.000000
4.909038 -8.712138 0.000000
5.000000 -8.660254 0.000000
5.090414 -8.607420 0.000000
5.180270 -8.553643 0.000000
5.269558 -8.498927 0.000000
5.358268 -8.443279 0.000000
5.446390 -8.386706 0.000000
5.533915 -8.329212 0.000000
5.620834 -8.270806 0.000000
5.707136 -8.211492 0.000000
5.792812 -8.151278 0.000000
5.877853 -8.090170 0.000000
5.962249 -8.028175 0.000000
6.045991 -7.965299 0.000000
6.129071 -7.901550 0.000000
6.211478 -7.836935 0.000000
6.293204 -7.771460 0.000000
6.374240 -7.705132 0.000000
6.454577 -7.637960 0.000000
6.534206 -7.569951 0.000000
6.613119 -7.501111 0.000000
6.691306 -7.431448 0.000000
6.768760 -7.360971 0.000000
6.845471 -7.289686 0.000000
6.921432 -7.217602 0.000000
6.996633 -7.144727 0.000000
7.071068 -7.071068 0.000000
7.144727 -6.996633 0.000000
7.217602 -6.921432 0.000000
7.289686 -6.845471 0.000000
7.360971 -6.768760 0.000000
7.431448 -6.691306 0.000000
7.501111 -6.613119 0.000000
7.569951 -6.534206 0.000000
7.637960 -6.454577 0.000000
7.705132 -6.374240 0.000000
7.771460 -6.293204 0.000000
7.836935 -6.211478 0.000000
7.901550 -6.129071 0.000000
7.965299 -6.045991 0.000000
8.028175 -5.962249 0.000000
8.090170 -5.877853 0.000000
8.151278 -5.792812 0.000000
8.211492 -5.707136 0.000000
8.270806 -5.620834 0.000000
8.329212 -5.533915 0.000000
8.386706 -5.446390 0.000000
8.443279 -5.358268 0.000000
8.498927 -5.269558 0.000000
8.553643 -5.180270 0.000000
8.607420 -5.090414 0.000000
8.660254 -5.000000 0.000000
8.712138 -4.909038 0.000000
8.763067 -4.817537 0.000000
8.813035 -4.725508 0.000000
8.862036 -4.632960 0.000000
8.910065 -4.539905 0.000000
8.957118 -4.446352 0.000000
9.003188 -4.352311 0.000000
9.048271 -4.257793 0.000000
9.092361 -4.162808 0.000000
9.135455 -4.067366 0.000000
9.177546 -3.971479 0.000000
9.218632 -3.875156 0.000000
9.258706 -3.778408 0.000000
9.297765 -3.681246 0.000000
9.335804 -3.583679 0.000000
9.372820 -3.485720 0.000000
9.408808 -3.387379 0.000000
9.443764 -3.288666 0.000000
9.477684 -3.189593 0.000000
9.510565 -3.090170 0.000000
9.542403 -2.990408 0.000000
9.573195 -2.890318 0.000000
9.602937 -2.789911 0.000000
9.631626 -2.689198 0.000000
9.659258 -2.588190 0.000000
9.685832 -2.486899 0.000000
9.711343 -2.385335 0.000000
9.735789 -2.283509 0.000000
9.759168 -2.181432 0.000000
9.781476 -2.079117 0.000000
9.802712 -1.976573 0.000000
9.822873 -1.873813 0.000000
9.841956 -1.770847 0.000000
9.859960 -1.667687 0.000000
9.876883 -1.564345 0.000000
9.892723 -1.460830 0.000000
9.907478 -1.357156 0.000000
9.921147 -1.253332 0.000000
9.933728 -1.149372 0.000000
9.945219 -1.045285 0.000000
9.955620 -0.941083 0.000000
9.964929 -0.836778 0.000000
9.973145 -0.732382 0.000000
9.980267 -0.627905 0.000000
9.986295 -0.523360 0.000000
9.991228 -0.418757 0.000000
9.995066 -0.314108 0.000000
9.997807 -0.209424 0.000000
9.999452 -0.104718 0.000000
10.000000 10.000000 0.000000
10.000000 10.000000 0.011667
10.000000 10.000000 0.023333
10.000000 10.000000 0.035000
10.000000 10.000000 0.046667
10.000000 10.000000 0.058333
10.000000 10.000000 0.070000
10.000000 10.000000 0.081667
10.000000 10.000000 0.093333
10.000000 10.000000 0.105000
10.000000 10.000000 0.116667
10.000000 10.000000 0.128333
10.000000 10.000000 0.140000
10.000000 10.000000 0.151667
10.000000 10.000000 0.163333
10.000000 10.000000 0.175000
10.000000 10.000000 0.186667
10.000000 10.000000 0.198333
10.000000 10.000000 0.210000
10.000000 10.000000 0.221667
10.000000 10.000000 0.233333
10.000000 10.000000 0.245000
10.000000 10.000000 0.256667
10.000000 10.000000 0.268333
10.000000 10.000000 0.280000
10.000000 10.000000 0.291667
10.000000 10.000000 0.303333
10.000000 10.000000 0.315000
10.000000 10.000000 0.326667
10.000000 10.000000 0.338333
10.000000 10.000000 0.350000
10.000000 10.000000 0.361667
10.000000 10.000000 0.373333
10.000000 10.000000 0.385000
10.000000 10.000000 0.396667
10.000000 10.000000 0.408333
10.000000 10.000000 0.420000
10.000000 10.000000 0.431667
10.000000 10.000000 0.443333
10.000000 10.000000 0.455000
10.000000 10.000000 0.466667
10.000000 10.000000 0.478333
10.000000 10.000000 0.490000
10.000000 10.000000 0.501667
10.000000 10.000000 0.513333
10.000000 10.000000 0.525000
10.000000 10.000000 0.536667
10.000000 10.000000 0.548333
10.000000 10.000000 0.560000
10.000000 10.000000 0.571667
10.000000 10.000000 0.583333
10.000000 10.000000 0.595000
10.000000 10.000000 0.606667
10.000000 10.000000 0.618333
10.000000 10.000000 0.630000
10.000000 10.000000 0.641667
10.000000 10.000000 0.653333
10.000000 10.000000 0.665000
10.000000 10.000000 0.676667
10.000000 10.000000 0.688333
10.000000 10.000000 0.700000
10.000000 10.000000 0.711667
10.000000 10.000000 0.723333
10.000000 10.000000 0.735000
10.000000 10.000000 0.746667
10.000000 10.000000 0.758333
10.000000 10.000000 0.770000
10.000000 10.000000 0.781667
10.000000 10.000000 0.793333
10.000000 10.000000 0.805000
10.000000 10.000000 0.816667
10.000000 10.000000 0.828333
10.000000 10.000000 0.840000
10.000000 10.000000 0.851667
10.000000 10.000000 0.863333
10.000000 10.000000 0.875000
10.000000 10.000000 0.886667
10.000000 10.000000 0.898333
10.000000 10.000000 0.910000
10.000000 10.000000 0.921667
10.000000 10.000000 0.933333
10.000000 10.000000 0.945000
10.000000 10.000000 0.956667
10.000000 10.000000 0.968333
10.000000 10.000000 0.980000
10.000000 10.000000 0.991667
10.000000 10.000000 1.003333
10.000000 10.000000 1.015000
10.000000 10.000000 1.026667
10.000000 10.000000 1.038333
10.000000 10.000000 1.050000
10.000000 10.000000 1.061667
10.000000 10.000000 1.073333
10.000000 10.000000 1.085000
10.000000 10.000000 1.096667
10.000000 10.000000 1.108333
10.000000 10.000000 1.120000
10.000000 10.000000 1.131667
10.000000 10.000000 1.143333
10.000000 10.000000 1.155000
10.000000 10.000000 1.166667
10.000000 10.000000 1.178333
10.000000 10.000000 1.190000
10.000000 10.000000 1.201667
10.000000 10.000000 1.213333
10.000000 10.000000 1.225000
10.000000 10.000000 1.236667
10.000000 10.000000 1.248333
10.000000 10.000000 1.260000
10.000000 10.000000 1.271667
10.000000 10.000000 1.283333
10.000000 10.000000 1.295000
10.000000 10.000000 1.306667
10.000000 10.000000 1.318333
10.000000 10.000000 1.330000
10.000000 10.000000 1.341667
10.000000 10.000000 1.353333
10.000000 10.000000 1.365000
10.000000 10.000000 1.376667
10.000000 10.000000 1.388333
10.000000 10.000000 1.400000
10.000000 10.000000 1.411667
10.000000 10.000000 1.423333
10.000000 10.000000 1.435000
10.000000 10.000000 1.446667
10.000000 10.000000 1.458333
10.000000 10.000000 1.470000
10.000000 10.000000 1.481667
10.000000 10.000000 1.493333
10.000000 10.000000 1.505000
10.000000 10.000000 1.516667
10.000000 10.000000 1.528333
10.000000 10.000000 1.540000
10.000000 10.000000 1.551667
10.000000 10.000000 1.563333
10.000000 10.000000 1.575000
10.000000 10.000000 1.586667
10.000000 10.000000 1.598333
10.000000 10.000000 1.610000
10.000000 10.000000 1.621667
10.000000 10.000000 1.633333
10.000000 10.000000 1.645000
10.000000 10.000000 1.656667
10.000000 10.000000 1.668333
10.000000 10.000000 1.680000
10.000000 10.000000 1.691667
10.000000 10.000000 1.703333
10.000000 10.000000 1.715000
10.000000 10.000000 1.726667
10.000000 10.000000 1.738333
10.000000 10.000000 1.750000
10.000000 10.000000 1.761667
10.000000 10.000000 1.773333
10.000000 10.000000 1.785000
10.000000 10.000000 1.796667
10.000000 10.000000 1.808333
10.000000 10.000000 1.820000
10.000000 10.000000 1.831667
10.000000 10.000000 1.843333
10.000000 10.000000 1.855000
10.000000 10.000000 1.866667
10.000000 10.000000 1.878333
10.000000 10.000000 1.890000
10.000000 10.000000 1.901667
10.000000 10.000000 1.913333
10.000000 10.000000 1.925000
10.000000 10.000000 1.936667
10.000000 10.000000 1.948333
10.000000 10.000000 1.960000
10.000000 10.000000 1.971667
10.000000 10.000000 1.983333
10.000000 10.000000 1.995000
10.000000 10.000000 2.006667
10.000000 10.000000 2.018333
10.000000 10.000000 2.030000
10.000000 10.000000 2.041667
10.000000 10.000000 2.053333
10.000000 10.000000 2.065000
10.000000 10.000000 2.076667
10.000000 10.000000 2.088333
10.000000 10.000000 2.100000
10.000000 10.000000 2.111667
10.000000 10.000000 2.123333
10.000000 10.000000 2.135000
10.000000 10.000000 2.146667
10.000000 10.000000 2.158333
10.000000 10.000000 2.170000
10.000000 10.000000 2.181667
10.000000 10.000000 2.193333
10.000000 10.000000 2.205000
10.000000 10.000000 2.216667
10.000000 10.000000 2.228333
10.000000 10.000000 2.240000
10.000000 10.000000 2.251667
10.000000 10.000000 2.263333
10.000000 10.000000 2.275000
10.000000 10.000000 2.286667
10.000000 10.000000 2.298333
10.000000 10.000000 2.310000
10.000000 10.000000 2.321667
10.000000 10.000000 2.333333
10.000000 10.000000 2.345000
10.000000 10.000000 2.356667
10.000000 10.000000 2.368333
10.000000 10.000000 2.380000
10.000000 10.000000 2.391667
10.000000 10.000000 2.403333
10.000000 10.000000 2.415000
10.000000 10.000000 2.426667
10.000000 10.000000 2.438333
10.000000 10.000000 2.450000
10.000000 10.000000 2.461667
10.000000 10.000000 2.473333
10.000000 10.000000 2.485000
10.000000 10.000000 2.496667
10.000000 10.000000 2.508333
10.000000 10.000000 2.520000
10.000000 10.000000 2.531667
10.000000 10.000000 2.543333
10.000000 10.000000 2.555000
10.000000 10.000000 2.566667
10.000000 10.000000 2.578333
10.000000 10.000000 2.590000
10.000000 10.000000 2.601667
10.000000 10.000000 2.613333
10.000000 10.000000 2.625000
10.000000 10.000000 2.636667
10.000000 10.000000 2.648333
10.000000 10.000000 2.660000
10.000000 10.000000 2.671667
10.000000 10.000000 2.683333
10.000000 10.000000 2.695000
10.000000 10.000000 2.706667
10.000000 10.000000 2.718333
10.000000 10.000000 2.730000
10.000000 10.000000 2.741667
10.000000 10.000000 2.753333
10.000000 10.000000 2.765000
10.000000 10.000000 2.776667
10.000000 10.000000 2.788333
10.000000 10.000000 2.800000
10.000000 10.000000 2.811667
10.000000 10.000000 2.823333
10.000000 10.000000 2.835000
10.000000 10.000000 2.846667
10.000000 10.000000 2.858333
10.000000 10.000000 2.870000
10.000000 10.000000 2.881667
10.000000 10.000000 2.893333
10.000000 10.000000 2.905000
10.000000 10.000000 2.916667
10.000000 10.000000 2.928333
10.000000 10.000000 2.940000
10.000000 10.000000 2.951667
10.000000 10.000000 2.963333
10.000000 10.000000 2.975000
10.000000 10.000000 2.986667
10.000000 10.000000 2.998333
10.000000 10.000000 3.010000
10.000000 10.000000 3.021667
10.000000 10.000000 3.033333
10.000000 10.000000 3.045000
10.000000 10.000000 3.056667
10.000000 10.000000 3.068333
10.000000 10.000000 3.080000
10.000000 10.000000 3.091667
10.000000 10.000000 3.103333
10.000000 10.000000 3.115000
10.000000 10.000000 3.126667
10.000000 10.000000 3.138333
10.000000 10.000000 3.150000
10.000000 10.000000 3.161667
10.000000 10.000000 3.173333
10.000000 10.000000 3.185000
10.000000 10.000000 3.196667
10.000000 10.000000 3.208333
10.000000 10.000000 3.220000
10.000000 10.000000 3.231667
10.000000 10.000000 3.243333
10.000000 10.000000 3.255000
10.000000 10.000000 3.266667
10.000000 10.000000 3.278333
10.000000 10.000000 3.290000
10.000000 10.000000 3.301667
10.000000 10.000000 3.313333
10.000000 10.000000 3.325000
10.000000 10.000000 3.336667
10.000000 10.000000 3.348333
10.000000 10.000000 3.360000
10.000000 10.000000 3.371667
10.000000 10.000000 3.383333
10.000000 10.000000 3.395000
10.000000 10.000000 3.406667
10.000000 10.000000 3.418333
10.000000 10.000000 3.430000
10.000000 10.000000 3.441667
10.000000 10.000000 3.453333
10.000000 10.000000 3.465000
10.000000 10.000000 3.476667
10.000000 10.000000 3.488333
10.000000 10.000000 3.500000
10.167539 10.167503 3.500000
10.335005 10.334711 3.500000
10.502324 10.501333 3.500000
10.669423 10.667075 3.500000
10.836228 10.831647 3.500000
11.002666 10.994760 3.500000
11.168664 11.156127 3.500000
11.334150 11.315467 3.500000
11.499051 11.472498 3.500000
11.663294 11.626947 3.500000
11.826807 11.778541 3.500000
11.989519 11.927015 3.500000
12.151359 12.072108 3.500000
12.312254 12.213566 3.500000
12.472136 12.351141 3.500000
12.630933 12.484591 3.500000
12.788576 12.613682 3.500000
12.944996 12.738188 3.500000
13.100125 12.857891 3.500000
13.253893 12.972579 3.500000
13.406234 13.082053 3.500000
13.557081 13.186120 3.500000
13.706368 13.284597 3.500000
13.854029 13.377312 3.500000
14.000000 13.464102 3.500000
14.144216 13.544814 3.500000
14.286614 13.619308 3.500000
14.427132 13.687453 3.500000
14.565709 13.749128 3.500000
14.702282 13.804226 3.500000
14.836793 13.852650 3.500000
14.969182 13.894316 3.500000
15.099392 13.929149 3.500000
15.227365 13.957089 3.500000
15.353045 13.978088 3.500000
15.476377 13.992107 3.500000
15.597307 13.999123 3.500000
15.715781 13.999123 3.500000
15.831749 13.992107 3.500000
15.945159 13.978088 3.500000
16.055960 13.957089 3.500000
16.164106 13.929149 3.500000
16.269548 13.894316 3.500000
16.372239 13.852650 3.500000
16.472136 13.804226 3.500000
16.569194 13.749128 3.500000
16.663370 13.687453 3.500000
16.754623 13.619308 3.500000
16.842914 13.544814 3.500000
16.928203 13.464102 3.500000
17.010453 13.377312 3.500000
17.089629 13.284597 3.500000
17.165694 13.186120 3.500000
17.238616 13.082053 3.500000
17.308364 12.972579 3.500000
17.374905 12.857891 3.500000
17.438212 12.738188 3.500000
17.498256 12.613682 3.500000
17.555011 12.484591 3.500000
17.608452 12.351141 3.500000
17.658556 12.213566 3.500000
17.705301 12.072108 3.500000
17.748665 11.927015 3.500000
17.788631 11.778541 3.500000
17.825181 11.626947 3.500000
17.858298 11.472498 3.500000
17.887968 11.315467 3.500000
17.914179 11.156127 3.500000
17.936918 10.994760 3.500000
17.956175 10.831647 3.500000
17.971943 10.667075 3.500000
17.984214 10.501333 3.500000
17.992983 10.334711 3.500000
17.998245 10.167503 3.500000
18.000000 10.000000 3.500000
17.998245 9.832497 3.500000
17.992983 9.665289 3.500000
17.984214 9.498667 3.500000
17.971943 9.332925 3.500000
17.956175 9.168353 3.500000
17.936918 9.005240 3.500000
17.914179 8.843873 3.500000
17.887968 8.684533 3.500000
17.858298 8.527502 3.500000
17.825181 8.373053 3.500000
17.788631 8.221459 3.500000
17.748665 8.072985 3.500000
17.705301 7.927892 3.500000
17.658556 7.786434 3.500000
17.608452 7.648859 3.500000
17.555011 7.515409 3.500000
17.498256 7.386318 3.500000
17.438212 7.261812 3.500000
17.374905 7.142109 3.500000
17.308364 7.027421 3.500000
17.238616 6.917947 3.500000
17.165694 6.813880 3.500000
17.089629 6.715403 3.500000
17.010453 6.622688 3.500000
16.928203 6.535898 3.500000
16.842914 6.455186 3.500000
16.754623 6.380692 3.500000
16.663370 6.312547 3.500000
16.569194 6.250872 3.500000
16.472136 6.195774 3.500000
16.372239 6.147350 3.500000
16.269548 6.105684 3.500000
16.164106 6.070851 3.500000
16.055960 6.042911 3.500000
15.945159 6.021912 3.500000
15.831749 6.007893 3.500000
15.715781 6.000877 3.500000
15.597307 6.000877 3.500000
15.476377 6.007893 3.500000
15.353045 6.021912 3.500000
15.227365 6.042911 3.500000
15.099392 6.070851 3.500000
14.969182 6.105684 3.500000
14.836793 6.147350 3.500000
14.702282 6.195774 3.500000
14.565709 6.250872 3.500000
14.427132 6.312547 3.500000
14.286614 6.380692 3.500000
14.144216 6.455186 3.500000
14.000000 6.535898 3.500000
13.854029 6.622688 3.500000
13.706368 6.715403 3.500000
13.557081 6.813880 3.500000
13.406234 6.917947 3.500000
13.253893 7.027421 3.500000
13.100125 7.142109 3.500000
12.944996 7.261812 3.500000
12.788576 7.386318 3.500000
12.630933 7.515409 3.500000
12.472136 7.648859 3.500000
12.312254 7.786434 3.500000
12.151359 7.927892 3.500000
11.989519 8.072985 3.500000
11.826807 8.221459 3.500000
11.663294 8.373053 3.500000
11.499051 8.527502 3.500000
11.334150 8.684533 3.500000
11.168664 8.843873 3.500000
11.002666 9.005240 3.500000
10.836228 9.168353 3.500000
10.669423 9.332925 3.500000
10.502324 9.498667 3.500000
10.335005 9.665289 3.500000
10.167539 9.832497 3.500000
10.000000 10.000000 3.500000
9.832461 10.167503 3.500000
9.664995 10.334711 3.500000
9.497676 10.501333 3.500000
9.330577 10.667075 3.500000
9.163772 10.831647 3.500000
8.997334 10.994760 3.500000
8.831336 11.156127 3.500000
8.665850 11.315467 3.500000
8.500949 11.472498 3.500000
8.336706 11.626947 3.500000
8.173193 11.778541 3.500000
8.010481 11.927015 3.500000
7.848641 12.072108 3.500000
7.687746 12.213566 3.500000
7.527864 12.351141 3.500000
7.369067 12.484591 3.500000
7.211424 12.613682 3.500000
7.055004 12.738188 3.500000
6.899875 12.857891 3.500000
6.746107 12.972579 3.500000
6.593766 13.082053 3.500000
6.442919 13.186120 3.500000
6.293632 13.284597 3.500000
6.145971 13.377312 3.500000
6.000000 13.464102 3.500000
5.855784 13.544814 3.500000
5.713386 13.619308 3.500000
5.572868 13.687453 3.500000
5.434291 13.749128 3.500000
5.297718 13.804226 3.500000
5.163207 13.852650 3.500000
5.030818 13.894316 3.500000
4.900608 13.929149 3.500000
4.772635 13.957089 3.500000
4.646955 13.978088 3.500000
4.523623 13.992107 3.500000
4.402693 13.999123 3.500000
4.284219 13.999123 3.500000
4.168251 13.992107 3.500000
4.054841 13.978088 3.500000
3.944040 13.957089 3.500000
3.835894 13.929149 3.500000
3.730452 13.894316 3.500000
3.627761 13.852650 3.500000
3.527864 13.804226 3.500000
3.430806 13.749128 3.500000
3.336630 13.687453 3.500000
3.245377 13.619308 3.500000
3.157086 13.544814 3.500000
3.071797 13.464102 3.500000
2.989547 13.377312 3.500000
2.910371 13.284597 3.500000
2.834306 13.186120 3.500000
2.761384 13.082053 3.500000
2.691636 12.972579 3.500000
2.625095 12.857891 3.500000
2.561788 12.738188 3.500000
2.501744 12.613682 3.500000
2.444989 12.484591 3.500000
2.391548 12.351141 3.500000
2.341444 12.213566 3.500000
2.294699 12.072108 3.500000
2.251335 11.927015 3.500000
2.211369 11.778541 3.500000
2.174819 11.626947 3.500000
2.141702 11.472498 3.500000
2.112032 11.315467 3.500000
2.085821 11.156127 3.500000
2.063082 10.994760 3.500000
2.043825 10.831647 3.500000
2.028057 10.667075 3.500000
2.015786 10.501333 3.500000
2.007017 10.334711 3.500000
2.001755 10.167503 3.500000
2.000000 10.000000 3.500000
2.001755 9.832497 3.500000
2.007017 9.665289 3.500000
2.015786 9.498667 3.500000
2.028057 9.332925 3.500000
2.043825 9.168353 3.500000
2.063082 9.005240 3.500000
2.085821 8.843873 3.500000
2.112032 8.684533 3.500000
2.141702 8.527502 3.500000
2.174819 8.373053 3.500000
2.211369 8.221459 3.500000
2.251335 8.072985 3.500000
2.294699 7.927892 3.500000
2.341444 7.786434 3.500000
2.391548 7.648859 3.500000
2.444989 7.515409 3.500000
2.501744 7.386318 3.500000
2.561788 7.261812 3.500000
2.625095 7.142109 3.500000
2.691636 7.027421 3.500000
2.761384 6.917947 3.500000
2.834306 6.813880 3.500000
2.910371 6.715403 3.500000
2.989547 6.622688 3.500000
3.071797 6.535898 3.500000
3.157086 6.455186 3.500000
3.245377 6.380692 3.500000
3.336630 6.312547 3.500000
3.430806 6.250872 3.500000
3.527864 6.195774 3.500000
3.627761 6.147350 3.500000
3.730452 6.105684 3.500000
3.835894 6.070851 3.500000
3.944040 6.042911 3.500000
4.054841 6.021912 3.500000
4.168251 6.007893 3.500000
4.284219 6.000877 3.500000
4.402693 6.000877 3.500000
4.523623 6.007893 3.500000
4.646955 6.021912 3.500000
4.772635 6.042911 3.500000
4.900608 6.070851 3.500000
5.030818 6.105684 3.500000
5.163207 6.147350 3.500000
5.297718 6.195774 3.500000
5.434291 6.250872 3.500000
5.572868 6.312547 3.500000
5.713386 6.380692 3.500000
5.855784 6.455186 3.500000
6.000000 6.535898 3.500000
6.145971 6.622688 3.500000
6.293632 6.715403 3.500000
6.442919 6.813880 3.500000
6.593766 6.917947 3.500000
6.746107 7.027421 3.500000
6.899875 7.142109 3.500000
7.055004 7.261812 3.500000
7.211424 7.386318 3.500000
7.369067 7.515409 3.500000
7.527864 7.648859 3.500000
7.687746 7.786434 3.500000
7.848641 7.927892 3.500000
8.010481 8.072985 3.500000
8.173193 8.221459 3.500000
8.336706 8.373053 3.500000
8.500949 8.527502 3.500000
8.665850 8.684533 3.500000
8.831336 8.843873 3.500000
8.997334 9.005240 3.500000
9.163772 9.168353 3.500000
9.330577 9.332925 3.500000
9.497676 9.498667 3.500000
9.664995 9.665289 3.500000
9.832461 9.832497 3.500000
2.000000 10.000000 3.500000
2.000000 10.000000 3.511667
2.000000 10.000000 3.523333
2.000000 10.000000 3.535000
2.000000 10.000000 3.546667
2.000000 10.000000 3.558333
2.000000 10.000000 3.570000
2.000000 10.000000 3.581667
2.000000 10.000000 3.593333
2.000000 10.000000 3.605000
2.000000 10.000000 3.616667
2.000000 10.000000 3.628333
2.000000 10.000000 3.640000
2.000000 10.000000 3.651667
2.000000 10.000000 3.663333
2.000000 10.000000 3.675000
2.000000 10.000000 3.686667
2.000000 10.000000 3.698333
2.000000 10.000000 3.710000
2.000000 10.000000 3.721667
2.000000 10.000000 3.733333
2.000000 10.000000 3.745000
2.000000 10.000000 3.756667
2.000000 10.000000 3.768333
2.000000 10.000000 3.780000
2.000000 10.000000 3.791667
2.000000 10.000000 3.803333
2.000000 10.000000 3.815000
2.000000 10.000000 3.826667
2.000000 10.000000 3.838333
2.000000 10.000000 3.850000
2.000000 10.000000 3.861667
2.000000 10.000000 3.873333
2.000000 10.000000 3.885000
2.000000 10.000000 3.896667
2.000000 10.000000 3.908333
2.000000 10.000000 3.920000
2.000000 10.000000 3.931667
2.000000 10.000000 3.943333
2.000000 10.000000 3.955000
2.000000 10.000000 3.966667
2.000000 10.000000 3.978333
2.000000 10.000000 3.990000
2.000000 10.000000 4.001667
2.000000 10.000000 4.013333
2.000000 10.000000 4.025000
2.000000 10.000000 4.036667
2.000000 10.000000 4.048333
2.000000 10.000000 4.060000
2.000000 10.000000 4.071667
2.000000 10.000000 4.083333
2.000000 10.000000 4.095000
2.000000 10.000000 4.106667
2.000000 10.000000 4.118333
2.000000 10.000000 4.130000
2.000000 10.000000 4.141667
2.000000 10.000000 4.153333
2.000000 10.000000 4.165000
2.000000 10.000000 4.176667
2.000000 10.000000 4.188333
2.000000 10.000000 4.200000
2.000000 10.000000 4.211667
2.000000 10.000000 4.223333
2.000000 10.000000 4.235000
2.000000 10.000000 4.246667
2.000000 10.000000 4.258333
2.000000 10.000000 4.270000
2.000000 10.000000 4.281667
2.000000 10.000000 4.293333
2.000000 10.000000 4.305000
2.000000 10.000000 4.316667
2.000000 10.000000 4.328333
2.000000 10.000000 4.340000
2.000000 10.000000 4.351667
2.000000 10.000000 4.363333
2.000000 10.000000 4.375000
2.000000 10.000000 4.386667
2.000000 10.000000 4.398333
2.000000 10.000000 4.410000
2.000000 10.000000 4.421667
2.000000 10.000000 4.433333
2.000000 10.000000 4.445000
2.000000 10.000000 4.456667
2.000000 10.000000 4.468333
2.000000 10.000000 4.480000
2.000000 10.000000 4.491667
2.000000 10.000000 4.503333
2.000000 10.000000 4.515000
2.000000 10.000000 4.526667
2.000000 10.000000 4.538333
2.000000 10.000000 4.550000
2.000000 10.000000 4.561667
2.000000 10.000000 4.573333
2.000000 10.000000 4.585000
2.000000 10.000000 4.596667
2.000000 10.000000 4.608333
2.000000 10.000000 4.620000
2.000000 10.000000 4.631667
2.000000 10.000000 4.643333
2.000000 10.000000 4.655000
2.000000 10.000000 4.666667
2.000000 10.000000 4.678333
2.000000 10.000000 4.690000
2.000000 10.000000 4.701667
2.000000 10.000000 4.713333
2.000000 10.000000 4.725000
2.000000 10.000000 4.736667
2.000000 10.000000 4.748333
2.000000 10.000000 4.760000
2.000000 10.000000 4.771667
2.000000 10.000000 4.783333
2.000000 10.000000 4.795000
2.000000 10.000000 4.806667
2.000000 10.000000 4.818333
2.000000 10.000000 4.830000
2.000000 10.000000 4.841667
2.000000 10.000000 4.853333
2.000000 10.000000 4.865000
2.000000 10.000000 4.876667
2.000000 10.000000 4.888333
2.000000 10.000000 4.900000
2.000000 10.000000 4.911667
2.000000 10.000000 4.923333
2.000000 10.000000 4.935000
2.000000 10.000000 4.946667
2.000000 10.000000 4.958333
2.000000 10.000000 4.970000
2.000000 10.000000 4.981667
2.000000 10.000000 4.993333
2.000000 10.000000 5.005000
2.000000 10.000000 5.016667
2.000000 10.000000 5.028333
2.000000 10.000000 5.040000
2.000000 10.000000 5.051667
2.000000 10.000000 5.063333
2.000000 10.000000 5.075000
2.000000 10.000000 5.086667
2.000000 10.000000 5.098333
2.000000 10.000000 5.110000
2.000000 10.000000 5.121667
2.000000 10.000000 5.133333
2.000000 10.000000 5.145000
2.000000 10.000000 5.156667
2.000000 10.000000 5.168333
2.000000 10.000000 5.180000
2.000000 10.000000 5.191667
2.000000 10.000000 5.203333
2.000000 10.000000 5.215000
2.000000 10.000000 5.226667
2.000000 10.000000 5.238333
2.000000 10.000000 5.250000
2.000000 10.000000 5.261667
2.000000 10.000000 5.273333
2.000000 10.000000 5.285000
2.000000 10.000000 5.296667
2.000000 10.000000 5.308333
2.000000 10.000000 5.320000
2.000000 10.000000 5.331667
2.000000 10.000000 5.343333
2.000000 10.000000 5.355000
2.000000 10.000000 5.366667
2.000000 10.000000 5.378333
2.000000 10.000000 5.390000
2.000000 10.000000 5.401667
2.000000 10.000000 5.413333
2.000000 10.000000 5.425000
2.000000 10.000000 5.436667
2.000000 10.000000 5.448333
2.000000 10.000000 5.460000
2.000000 10.000000 5.471667
2.000000 10.000000 5.483333
2.000000 10.000000 5.495000
2.000000 10.000000 5.506667
2.000000 10.000000 5.518333
2.000000 10.000000 5.530000
2.000000 10.000000 5.541667
2.000000 10.000000 5.553333
2.000000 10.000000 5.565000
2.000000 10.000000 5.576667
2.000000 10.000000 5.588333
2.000000 10.000000 5.600000
2.000000 10.000000 5.611667
2.000000 10.000000 5.623333
2.000000 10.000000 5.635000
2.000000 10.000000 5.646667
2.000000 10.000000 5.658333
2.000000 10.000000 5.670000
2.000000 10.000000 5.681667
2.000000 10.000000 5.693333
2.000000 10.000000 5.705000
2.000000 10.000000 5.716667
2.000000 10.000000 5.728333
2.000000 10.000000 5.740000
2.000000 10.000000 5.751667
2.000000 10.000000 5.763333
2.000000 10.000000 5.775000
2.000000 10.000000 5.786667
2.000000 10.000000 5.798333
2.000000 10.000000 5.810000
2.000000 10.000000 5.821667
2.000000 10.000000 5.833333
2.000000 10.000000 5.845000
2.000000 10.000000 5.856667
2.000000 10.000000 5.868333
2.000000 10.000000 5.880000
2.000000 10.000000 5.891667
2.000000 10.000000 5.903333
2.000000 10.000000 5.915000
2.000000 10.000000 5.926667
2.000000 10.000000 5.938333
2.000000 10.000000 5.950000
2.000000 10.000000 5.961667
2.000000 10.000000 5.973333
2.000000 10.000000 5.985000
2.000000 10.000000 5.996667
2.000000 10.000000 6.008333
2.000000 10.000000 6.020000
2.000000 10.000000 6.031667
2.000000 10.000000 6.043333
2.000000 10.000000 6.055000
2.000000 10.000000 6.066667
2.000000 10.000000 6.078333
2.000000 10.000000 6.090000
2.000000 10.000000 6.101667
2.000000 10.000000 6.113333
2.000000 10.000000 6.125000
2.000000 10.000000 6.136667
2.000000 10.000000 6.148333
2.000000 10.000000 6.160000
2.000000 10.000000 6.171667
2.000000 10.000000 6.183333
2.000000 10.000000 6.195000
2.000000 10.000000 6.206667
2.000000 10.000000 6.218333
2.000000 10.000000 6.230000
2.000000 10.000000 6.241667
2.000000 10.000000 6.253333
2.000000 10.000000 6.265000
2.000000 10.000000 6.276667
2.000000 10.000000 6.288333
2.000000 10.000000 6.300000
2.000000 10.000000 6.311667
2.000000 10.000000 6.323333
2.000000 10.000000 6.335000
2.000000 10.000000 6.346667
2.000000 10.000000 6.358333
2.000000 10.000000 6.370000
2.000000 10.000000 6.381667
2.000000 10.000000 6.393333
2.000000 10.000000 6.405000
2.000000 10.000000 6.416667
2.000000 10.000000 6.428333
2.000000 10.000000 6.440000
2.000000 10.000000 6.451667
2.000000 10.000000 6.463333
2.000000 10.000000 6.475000
2.000000 10.000000 6.486667
2.000000 10.000000 6.498333
2.000000 10.000000 6.510000
2.000000 10.000000 6.521667
2.000000 10.000000 6.533333
2.000000 10.000000 6.545000
2.000000 10.000000 6.556667
2.000000 10.000000 6.568333
2.000000 10.000000 6.580000
2.000000 10.000000 6.591667
2.000000 10.000000 6.603333
2.000000 10.000000 6.615000
2.000000 10.000000 6.626667
2.000000 10.000000 6.638333
2.000000 10.000000 6.650000
2.000000 10.000000 6.661667
2.000000 10.000000 6.673333
2.000000 10.000000 6.685000
2.000000 10.000000 6.696667
2.000000 10.000000 6.708333
2.000000 10.000000 6.720000
2.000000 10.000000 6.731667
2.000000 10.000000 6.743333
2.000000 10.000000 6.755000
2.000000 10.000000 6.766667
2.000000 10.000000 6.778333
2.000000 10.000000 6.790000
2.000000 10.000000 6.801667
2.000000 10.000000 6.813333
2.000000 10.000000 6.825000
2.000000 10.000000 6.836667
2.000000 10.000000 6.848333
2.000000 10.000000 6.860000
2.000000 10.000000 6.871667
2.000000 10.000000 6.883333
2.000000 10.000000 6.895000
2.000000 10.000000 6.906667
2.000000 10.000000 6.918333
2.000000 10.000000 6.930000
2.000000 10.000000 6.941667
2.000000 10.000000 6.953333
2.000000 10.000000 6.965000
2.000000 10.000000 6.976667
2.000000 10.000000 6.988333
2.000000 10.000000 7.000000
2.266667 10.000000 7.000000
2.533333 10.000000 7.000000
2.800000 10.000000 7.000000
3.066667 10.000000 7.000000
3.333333 10.000000 7.000000
3.600000 10.000000 7.000000
3.866667 10.000000 7.000000
4.133333 10.000000 7.000000
4.400000 10.000000 7.000000
4.666667 10.000000 7.000000
4.933333 10.000000 7.000000
5.200000 10.000000 7.000000
5.466667 10.000000 7.000000
5.733333 10.000000 7.000000
6.000000 10.000000 7.000000
6.266667 10.000000 7.000000
6.533333 10.000000 7.000000
6.800000 10.000000 7.000000
7.066667 10.000000 7.000000
7.333333 10.000000 7.000000
7.600000 10.000000 7.000000
7.866667 10.000000 7.000000
8.133333 10.000000 7.000000
8.400000 10.000000 7.000000
8.666667 10.000000 7.000000
8.933333 10.000000 7.000000
9.200000 10.000000 7.000000
9.466667 10.000000 7.000000
9.733333 10.000000 7.000000
10.000000 10.000000 7.000000
10.266667 10.000000 7.000000
10.533333 10.000000 7.000000
10.800000 10.000000 7.000000
11.066667 10.000000 7.000000
11.333333 10.000000 7.000000
11.600000 10.000000 7.000000
11.866667 10.000000 7.000000
12.133333 10.000000 7.000000
12.400000 10.000000 7.000000
12.666667 10.000000 7.000000
12.933333 10.000000 7.000000
13.200000 10.000000 7.000000
13.466667 10.000000 7.000000
13.733333 10.000000 7.000000
14.000000 10.000000 7.000000
14.266667 10.000000 7.000000
14.533333 10.000000 7.000000
14.800000 10.000000 7.000000
15.066667 10.000000 7.000000
15.333333 10.000000 7.000000
15.600000 10.000000 7.000000
15.866667 10.000000 7.000000
16.133333 10.000000 7.000000
16.400000 10.000000 7.000000
16.666667 10.000000 7.000000
16.933333 10.000000 7.000000
17.200000 10.000000 7.000000
17.466667 10.000000 7.000000
17.733333 10.000000 7.000000
18.000000 10.000000 7.000000
18.266667 10.000000 7.000000
18.533333 10.000000 7.000000
18.800000 10.000000 7.000000
19.066667 10.000000 7.000000
19.333333 10.000000 7.000000
19.600000 10.000000 7.000000
19.866667 10.000000 7.000000
20.133333 10.000000 7.000000
20.400000 10.000000 7.000000
20.666667 10.000000 7.000000
20.933333 10.000000 7.000000
21.200000 10.000000 7.000000
21.466667 10.000000 7.000000
21.733333 10.000000 7.000000
22.000000 10.000000 7.000000
21.733333 10.000000 7.000000
21.466667 10.000000 7.000000
21.200000 10.000000 7.000000
20.933333 10.000000 7.000000
20.666667 10.000000 7.000000
20.400000 10.000000 7.000000
20.133333 10.000000 7.000000
19.866667 10.000000 7.000000
19.600000 10.000000 7.000000
19.333333 10.000000 7.000000
19.066667 10.000000 7.000000
18.800000 10.000000 7.000000
18.533333 10.000000 7.000000
18.266667 10.000000 7.000000
18.000000 10.000000 7.000000
17.733333 10.000000 7.000000
17.466667 10.000000 7.000000
17.200000 10.000000 7.000000
16.933333 10.000000 7.000000
16.666667 10.000000 7.000000
16.400000 10.000000 7.000000
16.133333 10.000000 7.000000
15.866667 10.000000 7.000000
15.600000 10.000000 7.000000
15.333333 10.000000 7.000000
15.066667 10.000000 7.000000
14.800000 10.000000 7.000000
14.533333 10.000000 7.000000
14.266667 10.000000 7.000000
14.000000 10.000000 7.000000
13.733333 10.000000 7.000000
13.466667 10.000000 7.000000
13.200000 10.000000 7.000000
12.933333 10.000000 7.000000
12.666667 10.000000 7.000000
12.400000 10.000000 7.000000
12.133333 10.000000 7.000000
11.866667 10.000000 7.000000
11.600000 10.000000 7.000000
11.333333 10.000000 7.000000
11.066667 10.000000 7.000000
10.800000 10.000000 7.000000
10.533333 10.000000 7.000000
10.266667 10.000000 7.000000
10.000000 10.000000 7.000000
9.733333 10.000000 7.000000
9.466667 10.000000 7.000000
9.200000 10.000000 7.000000
8.933333 10.000000 7.000000
8.666667 10.000000 7.000000
8.400000 10.000000 7.000000
8.133333 10.000000 7.000000
7.866667 10.000000 7.000000
7.600000 10.000000 7.000000
7.333333 10.000000 7.000000
7.066667 10.000000 7.000000
6.800000 10.000000 7.000000
6.533333 10.000000 7.000000
6.266667 10.000000 7.000000
6.000000 10.000000 7.000000
5.733333 10.000000 7.000000
5.466667 10.000000 7.000000
5.200000 10.000000 7.000000
4.933333 10.000000 7.000000
4.666667 10.000000 7.000000
4.400000 10.000000 7.000000
4.133333 10.000000 7.000000
3.866667 10.000000 7.000000
3.600000 10.000000 7.000000
3.333333 10.000000 7.000000
3.066667 10.000000 7.000000
2.800000 10.000000 7.000000
2.533333 10.000000 7.000000
2.266667 10.000000 7.000000
2.000000 10.000000 7.000000
2.266667 10.000000 7.000000
2.533333 10.000000 7.000000
2.800000 10.000000 7.000000
3.066667 10.000000 7.000000
3.333333 10.000000 7.000000
3.600000 10.000000 7.000000
3.866667 10.000000 7.000000
4.133333 10.000000 7.000000
4.400000 10.000000 7.000000
4.666667 10.000000 7.000000
4.933333 10.000000 7.000000
5.200000 10.000000 7.000000
5.466667 10.000000 7.000000
5.733333 10.000000 7.000000
6.000000 10.000000 7.000000
6.266667 10.000000 7.000000
6.533333 10.000000 7.000000
6.800000 10.000000 7.000000
7.066667 10.000000 7.000000
7.333333 10.000000 7.000000
7.600000 10.000000 7.000000
7.866667 10.000000 7.000000
8.133333 10.000000 7.000000
8.400000 10.000000 7.000000
8.666667 10.000000 7.000000
8.933333 10.000000 7.000000
9.200000 10.000000 7.000000
9.466667 10.000000 7.000000
9.733333 10.000000 7.000000
10.000000 10.000000 7.000000
10.266667 10.000000 7.000000
10.533333 10.000000 7.000000
10.800000 10.000000 7.000000
11.066667 10.000000 7.000000
11.333333 10.000000 7.000000
11.600000 10.000000 7.000000
11.866667 10.000000 7.000000
12.133333 10.000000 7.000000
12.400000 10.000000 7.000000
12.666667 10.000000 7.000000
12.933333 10.000000 7.000000
13.200000 10.000000 7.000000
13.466667 10.000000 7.000000
13.733333 10.000000 7.000000
14.000000 10.000000 7.000000
14.266667 10.000000 7.000000
14.533333 10.000000 7.000000
14.800000 10.000000 7.000000
15.066667 10.000000 7.000000
15.333333 10.000000 7.000000
15.600000 10.000000 7.000000
15.866667 10.000000 7.000000
16.133333 10.000000 7.000000
16.400000 10.000000 7.000000
16.666667 10.000000 7.000000
16.933333 10.000000 7.000000
17.200000 10.000000 7.000000
17.466667 10.000000 7.000000
17.733333 10.000000 7.000000
18.000000 10.000000 7.000000
18.266667 10.000000 7.000000
18.533333 10.000000 7.000000
18.800000 10.000000 7.000000
19.066667 10.000000 7.000000
19.333333 10.000000 7.000000
19.600000 10.000000 7.000000
19.866667 10.000000 7.000000
20.133333 10.000000 7.000000
20.400000 10.000000 7.000000
20.666667 10.000000 7.000000
20.933333 10.000000 7.000000
21.200000 10.000000 7.000000
21.466667 10.000000 7.000000
21.733333 10.000000 7.000000
22.000000 10.000000 7.000000
21.733333 10.000000 7.000000
21.466667 10.000000 7.000000
21.200000 10.000000 7.000000
20.933333 10.000000 7.000000
20.666667 10.000000 7.000000
20.400000 10.000000 7.000000
20.133333 10.000000 7.000000
19.866667 10.000000 7.000000
19.600000 10.000000 7.000000
19.333333 10.000000 7.000000
19.066667 10.000000 7.000000
18.800000 10.000000 7.000000
18.533333 10.000000 7.000000
18.266667 10.000000 7.000000
18.000000 10.000000 7.000000
17.733333 10.000000 7.000000
17.466667 10.000000 7.000000
17.200000 10.000000 7.000000
16.933333 10.000000 7.000000
16.666667 10.000000 7.000000
16.400000 10.000000 7.000000
16.133333 10.000000 7.000000
15.866667 10.000000 7.000000
15.600000 10.000000 7.000000
15.333333 10.000000 7.000000
15.066667 10.000000 7.000000
14.800000 10.000000 7.000000
14.533333 10.000000 7.000000
14.266667 10.000000 7.000000
14.000000 10.000000 7.000000
13.733333 10.000000 7.000000
13.466667 10.000000 7.000000
13.200000 10.000000 7.000000
12.933333 10.000000 7.000000
12.666667 10.000000 7.000000
12.400000 10.000000 7.000000
12.133333 10.000000 7.000000
11.866667 10.000000 7.000000
11.600000 10.000000 7.000000
11.333333 10.000000 7.000000
11.066667 10.000000 7.000000
10.800000 10.000000 7.000000
10.533333 10.000000 7.000000
10.266667 10.000000 7.000000
10.000000 10.000000 7.000000
9.733333 10.000000 7.000000
9.466667 10.000000 7.000000
9.200000 10.000000 7.000000
8.933333 10.000000 7.000000
8.666667 10.000000 7.000000
8.400000 10.000000 7.000000
8.133333 10.000000 7.000000
7.866667 10.000000 7.000000
7.600000 10.000000 7.000000
7.333333 10.000000 7.000000
7.066667 10.000000 7.000000
6.800000 10.000000 7.000000
6.533333 10.000000 7.000000
6.266667 10.000000 7.000000
6.000000 10.000000 7.000000
5.733333 10.000000 7.000000
5.466667 10.000000 7.000000
5.200000 10.000000 7.000000
4.933333 10.000000 7.000000
4.666667 10.000000 7.000000
4.400000 10.000000 7.000000
4.133333 10.000000 7.000000
3.866667 10.000000 7.000000
3.600000 10.000000 7.000000
3.333333 10.000000 7.000000
3.066667 10.000000 7.000000
2.800000 10.000000 7.000000
2.533333 10.000000 7.000000
2.266667 10.000000 7.000000
