# mx (microTesla), my (microTesla), mz (microTesla)
0.457076 -21.559976 -38.874323
1.201411 -22.925456 -41.953269
-0.227088 -20.469978 -40.025202
-1.907781 -18.671034 -38.833312
-0.738467 -18.291595 -39.298736
-2.335658 -19.419465 -41.438324
0.061865 -20.035423 -40.277294
-2.486158 -18.112478 -40.231794
-2.316049 -20.458058 -39.201536
-1.334000 -19.292140 -39.353768
1.121902 -20.500060 -40.768364
-3.519402 -18.943486 -38.306542
-2.677586 -21.102529 -41.236722
-1.738422 -18.700076 -39.185269
-3.919925 -19.437205 -39.824971
-2.800656 -18.446624 -39.664607
-2.317005 -19.618552 -39.566321
-2.594762 -21.869646 -40.479507
-4.453185 -20.604062 -40.412713
-1.710735 -20.904170 -38.547582
-6.682538 -20.065280 -39.755870
-3.483531 -18.451495 -38.809979
-5.090105 -20.165106 -38.713036
-5.057626 -21.336215 -41.699931
-6.352976 -18.625922 -39.786361
-4.140653 -19.959395 -39.762190
-4.440011 -19.727271 -39.314837
-6.572711 -19.750454 -40.572607
-7.574395 -18.415931 -40.704104
-5.962075 -18.363687 -39.330203
-5.182262 -19.168859 -40.634947
-6.498764 -21.486370 -42.170669
-8.561382 -20.383398 -39.400339
-8.132977 -19.384859 -38.051158
-7.505837 -17.639366 -41.400427
-7.475515 -20.096642 -40.508550
-6.102029 -21.186510 -39.348365
-7.200212 -19.408637 -42.169087
-7.642117 -19.231502 -39.650986
-7.910180 -15.952424 -40.359033
-9.669979 -18.001996 -39.670005
-6.286834 -16.932055 -39.464693
-6.320631 -19.879686 -40.959627
-10.094486 -18.591090 -42.065029
-7.939977 -18.247569 -42.206209
-10.603179 -17.349860 -38.742810
-6.270824 -13.353278 -39.378386
-10.935322 -20.824138 -39.598433
-10.854485 -18.149169 -40.918145
-10.029261 -15.825306 -39.764427
-10.237952 -18.873989 -42.512024
-10.910290 -17.295514 -37.348105
-10.165128 -15.633176 -40.748943
-12.316532 -18.445529 -41.087839
-7.523831 -18.118639 -38.742266
-12.247171 -15.376052 -39.422574
-11.302788 -16.719569 -40.982182
-10.572559 -17.224087 -41.838409
-13.331178 -16.164102 -37.631363
-11.345636 -16.480513 -39.571261
-9.796702 -15.851266 -40.616391
-10.265064 -15.413215 -37.696366
-11.817131 -17.767302 -42.052239
-9.781749 -13.217602 -40.269279
-12.997737 -13.481703 -41.660569
-13.928498 -14.577929 -40.591908
-12.756163 -15.655429 -39.493638
-10.797931 -15.140043 -39.034092
-16.143670 -15.212979 -41.264845
-15.054457 -16.319450 -40.501185
-12.008758 -16.852486 -39.954053
-14.263774 -15.213451 -38.495863
-12.883769 -12.573275 -40.231759
-14.886777 -14.770993 -39.636255
-13.728407 -15.916036 -39.864265
-13.799793 -10.365925 -37.184733
-15.569319 -14.424342 -42.195163
-15.321265 -13.369456 -38.191220
-15.672998 -14.672162 -43.220934
-14.965941 -15.131141 -40.794159
-16.178188 -13.524006 -42.636593
-17.202789 -10.032367 -41.931134
-16.785079 -10.313042 -35.642399
-17.033271 -13.461527 -39.487667
-12.817218 -14.228765 -40.367917
-14.376913 -11.934259 -40.564234
-15.874604 -14.485299 -40.357261
-16.202681 -11.909886 -40.832991
-15.223291 -10.572909 -39.766856
-15.528715 -11.844764 -39.999873
-17.262677 -11.280964 -40.145930
-13.162803 -9.225591 -39.421230
-17.567570 -13.082889 -38.213286
-16.147488 -10.521452 -42.616879
-15.267267 -10.386200 -41.665646
-17.480699 -10.497205 -39.921300
-17.324815 -10.871768 -40.377966
-16.769010 -8.331878 -43.849988
-17.462561 -10.095772 -39.556009
-17.772712 -12.815911 -39.508007
-14.729483 -12.300792 -38.704258
-17.917064 -9.910062 -41.579348
-18.027818 -7.685007 -39.126017
-15.027602 -7.684897 -39.341370
-15.108170 -8.607431 -38.758018
-18.264987 -8.979991 -41.046136
-16.429859 -10.660159 -38.826474
-18.292352 -6.947751 -38.873697
-15.365572 -7.419424 -42.358060
-18.285152 -10.083627 -40.777420
-16.004067 -7.178432 -41.048396
-19.875669 -7.893785 -41.824840
-19.443973 -7.282298 -38.267032
-17.604269 -10.993750 -39.543450
-18.487479 -6.741656 -37.575685
-21.766466 -8.054014 -39.113641
-21.118031 -4.757517 -39.447465
-17.547739 -7.631174 -38.779354
-17.284820 -6.228016 -39.648399
-18.549853 -7.674204 -40.221293
-19.249914 -5.605249 -38.500264
-20.672611 -6.168329 -37.777817
-20.261772 -7.014011 -39.696541
-17.939296 -5.562683 -38.006559
-17.978060 -4.115666 -39.168825
-15.827037 -5.484123 -43.005283
-16.965282 -5.660347 -39.838179
-17.458360 -7.174058 -41.877471
-21.873495 -5.758222 -39.340545
-18.732053 -3.948454 -42.119149
-23.028107 -4.076703 -40.707664
-18.916345 -2.900216 -39.792638
-18.505545 -3.403809 -39.204903
-20.740922 -3.811112 -39.704836
-18.489128 -3.925987 -39.218249
-20.152525 -3.305003 -38.755721
-22.775037 -4.866369 -42.223278
-23.315381 -3.731708 -38.875849
-20.269620 -2.209980 -38.366174
-17.875926 -2.402450 -37.969621
-19.752248 -3.346667 -40.891601
-22.132044 -3.214367 -40.537025
-18.724480 0.907598 -42.073272
-19.357048 -3.025580 -39.287954
-20.157165 -4.002169 -38.607555
-20.880092 -1.847569 -41.604629
-20.963882 -0.195677 -40.283867
-19.497138 -0.085332 -38.019008
-20.509793 -2.634135 -38.399166
-20.496136 1.462453 -39.424934
-20.196706 0.523164 -37.073481
-16.883433 0.313507 -39.759714
-18.381253 -0.849643 -39.500394
-20.028925 1.099077 -41.250053
-22.366808 -2.271962 -41.676076
-20.660604 0.606932 -37.094153
-18.301545 -0.187326 -39.478437
-20.556907 1.038218 -39.722012
-19.001101 1.164669 -38.404223
-21.624147 1.891675 -36.103489
-19.555818 4.240391 -39.862720
-18.996290 2.213568 -40.255611
-21.011518 3.152117 -41.277306
-18.816579 4.342242 -39.450203
-20.214820 3.602609 -40.463010
-18.350446 0.381580 -40.503411
-22.706139 1.092784 -37.954207
-18.341135 2.462474 -42.253755
-24.092538 2.932383 -36.369377
-18.953097 3.113788 -39.302380
-21.904390 3.712249 -39.850784
-19.647486 5.549074 -39.483032
-18.469089 3.534459 -38.653277
-16.979280 3.315445 -41.331543
-17.367987 4.686782 -37.894268
-19.982320 7.358949 -39.802771
-18.875908 7.725473 -40.542656
-20.617557 4.906976 -39.321499
-21.495029 6.736842 -40.808157
-17.363088 2.389425 -41.179849
-21.550833 4.940996 -39.628501
-19.224208 5.999120 -40.238777
-18.582445 5.064529 -38.939726
-17.823616 7.352315 -39.165200
-18.301013 10.024051 -40.130641
-19.132233 6.037068 -41.548394
-20.462237 6.029295 -40.106021
-18.015969 7.633529 -41.148303
-17.086986 8.859431 -40.239472
-19.334467 8.765600 -39.718040
-20.443100 8.032762 -39.606946
-19.534264 8.610381 -42.182234
-16.092262 10.387511 -40.378776
-17.461194 5.089739 -41.734521
-18.354904 7.284504 -38.928405
-14.824186 7.314888 -41.256195
-17.370899 11.682595 -41.833561
-17.252515 12.182964 -42.477639
-19.447737 8.999664 -40.780883
-16.205374 10.180565 -42.662443
-16.547392 9.133692 -38.088329
-18.156222 9.225905 -39.188303
-15.962895 11.032689 -42.528396
-16.190802 8.987654 -39.647086
-19.022160 11.386019 -41.209898
-18.697363 11.963511 -39.637533
-17.579390 13.244599 -40.660979
-16.493450 11.645038 -40.929499
-15.716280 10.614093 -40.617457
-14.258592 10.024744 -43.619170
-13.763934 15.579697 -40.607904
-18.961607 11.458772 -40.429334
-16.215484 10.421900 -39.130658
-15.016339 10.016533 -38.951205
-12.594842 12.680896 -40.505988
-15.755924 13.509293 -42.596007
-15.163679 12.162784 -37.228262
-15.537180 15.410985 -41.655611
-14.259012 13.547512 -41.303571
-14.736127 15.045016 -40.485688
-17.400840 13.356268 -41.353635
-15.235453 13.415138 -42.558478
-17.002860 14.414042 -40.784078
-18.282321 15.020130 -39.591445
-15.360266 12.018021 -38.746288
-13.618110 17.716039 -39.369717
-13.411712 14.039062 -38.774836
-12.905236 16.312792 -40.781984
-14.344053 13.860718 -38.813797
-11.289958 14.033681 -40.637161
-12.911496 14.494254 -38.571920
-16.603903 13.762164 -41.173625
-16.548946 13.694443 -41.372734
-13.210811 16.945369 -40.367591
-14.294700 15.324833 -38.426240
-14.050346 14.177057 -39.162177
-12.755260 16.645096 -40.020470
-11.205646 14.250483 -40.018127
-12.408017 14.106762 -42.345217
-10.895874 15.529921 -41.533420
-11.899973 17.872368 -43.421107
-13.830581 14.918226 -37.808232
-10.990391 17.573960 -41.710241
-12.920971 17.213332 -39.912589
-10.244723 16.376918 -39.582784
-10.655602 17.940062 -38.789488
-13.146344 13.515656 -38.497382
-8.757528 15.466919 -42.789753
-10.211988 18.503543 -37.303608
-9.406382 16.657265 -41.339696
-9.982823 16.871611 -41.522602
-6.744942 20.102029 -38.295927
-11.016349 18.808663 -39.040560
-8.787197 19.500567 -39.046943
-8.155899 18.679431 -39.488813
-11.755227 17.945562 -40.834288
-10.812465 20.436960 -37.406507
-6.665791 18.389196 -37.974062
-8.497506 18.400737 -41.640207
-7.730129 18.275301 -41.953978
-8.211529 18.151315 -37.303658
-6.601638 18.372261 -39.626819
-7.683993 18.132892 -41.623641
-7.783394 17.398264 -41.875473
-6.595658 19.182427 -42.680061
-7.351386 20.165161 -38.411164
-5.432686 18.804010 -41.267568
-8.400307 19.334523 -39.431080
-4.646336 20.537497 -40.198343
-8.245495 18.476708 -39.674153
-6.483465 18.154289 -39.620673
-6.736752 18.142707 -39.532821
-6.383625 19.512547 -39.590194
-7.288966 18.484012 -37.843335
-7.121516 16.088270 -42.792768
-5.132716 19.364892 -40.176416
-3.152513 15.362412 -39.406099
-2.428512 17.731014 -40.569710
-5.696355 18.130059 -40.489393
-2.221637 22.274415 -40.503909
-1.300643 19.616317 -37.369463
-4.093095 19.802010 -39.451788
1.020654 20.922673 -41.060897
-2.088198 19.141163 -40.734625
-1.972473 19.766549 -39.582136
-3.107711 20.258642 -39.362551
-5.827111 20.785306 -41.473029
-4.877760 19.727340 -39.874028
-3.546924 21.088842 -42.013263
-2.909159 18.990144 -40.069881
-1.672273 18.378598 -38.913576
-1.787663 17.073320 -42.937887
-1.692036 19.598406 -40.155130
-1.506738 20.284629 -38.578526
-2.922468 18.202577 -41.639986
-0.613344 21.840012 -40.647009
-4.590063 17.426467 -41.249555
-1.464809 19.377548 -39.942128
-0.886468 21.569623 -41.014026
-1.502913 20.717217 -42.303463
0.584538 20.153830 -40.221164
2.591850 19.065592 -36.909553
0.080701 18.080089 -39.895121
-0.986153 18.862497 -39.404450
1.670886 19.049205 -38.518892
2.782981 22.127043 -39.205880
3.300953 17.139337 -40.476860
0.164256 20.125128 -40.857174
1.424320 22.753120 -40.254580
2.502855 19.562835 -39.886430
2.099594 20.562924 -38.252039
4.769834 20.331885 -39.115680
0.780368 19.710479 -38.589566
4.013264 20.132371 -38.670409
3.657811 21.585906 -39.565961
2.595142 20.257529 -44.395892
3.909704 14.247302 -42.585195
4.219348 20.400206 -41.743643
2.679473 21.701556 -40.726045
7.317527 19.602544 -39.387946
6.583545 19.759493 -41.503516
4.198274 19.464919 -42.047112
4.183269 18.358290 -38.613463
4.822587 18.998492 -40.159273
5.308481 20.296885 -41.499568
3.613999 20.975535 -40.618505
3.253133 19.928970 -39.304945
3.283749 19.550096 -38.896625
6.342216 20.094362 -42.106404
6.477376 18.630877 -40.724185
7.486173 21.240042 -37.308445
8.351398 18.790767 -39.470920
7.727567 19.069294 -39.803854
8.010388 18.728691 -41.093930
6.349731 19.696505 -39.995510
7.677674 19.676727 -40.562262
8.496863 19.163794 -41.852220
9.720273 17.766295 -42.482643
6.182746 16.905695 -39.921740
7.532182 17.849845 -39.070447
8.644546 18.744981 -39.385257
9.249818 15.022792 -40.546657
5.245271 18.150631 -40.006949
10.272920 19.787827 -39.695837
8.142162 18.641977 -40.791876
9.077721 19.299335 -40.836657
10.474439 18.740174 -41.432188
10.911856 18.673919 -39.847111
8.491588 16.237325 -40.806494
10.631967 15.990838 -39.343732
8.137367 17.014405 -39.835528
13.848524 15.148867 -37.791978
10.585304 17.724043 -39.822478
11.206206 16.767326 -37.818925
10.031829 18.584910 -40.966551
10.802403 15.165468 -39.317464
13.235520 16.542391 -40.295329
9.569742 16.197673 -42.389191
10.044954 16.763163 -38.021480
15.799440 15.422678 -37.847050
12.121334 15.953468 -39.351108
12.017372 16.221943 -40.612500
9.994818 13.615161 -39.020133
11.843091 14.908967 -39.987242
13.615354 15.944415 -40.984082
14.425847 17.911697 -39.258165
14.208975 17.273205 -38.304851
13.830303 16.173441 -39.220509
11.422406 16.190986 -42.033721
12.034338 16.957569 -38.739670
15.613710 14.455385 -41.728373
13.176864 14.874989 -39.881517
15.391463 14.037467 -39.471948
12.359923 15.110680 -39.995337
12.868547 13.935710 -40.276264
13.736903 16.799147 -40.147669
13.923609 10.847090 -41.341311
14.040594 12.814084 -37.927439
14.331966 15.623608 -39.907443
14.777783 13.404325 -39.994306
17.441089 9.903196 -43.002319
14.187465 13.248029 -38.964843
15.849532 12.492043 -38.471434
16.821214 13.185241 -38.556014
15.819233 11.906255 -38.953275
15.708839 12.588418 -37.790570
11.997561 10.296429 -41.780606
15.258209 11.876229 -42.260988
14.452861 10.800720 -36.313864
18.758962 11.306873 -40.545375
14.456534 8.893509 -40.175320
14.805778 11.458348 -42.400309
15.280022 11.637212 -39.450686
17.167819 9.260934 -38.717971
15.458107 12.017118 -40.015958
14.708830 10.418484 -39.451954
17.806007 10.505054 -37.702332
18.509120 10.154135 -38.874817
20.007975 13.301267 -41.842000
15.825041 12.408206 -41.587422
15.336696 9.270709 -39.369660
17.270681 8.842230 -41.011319
16.457628 8.315809 -36.577551
18.072336 10.781154 -40.733616
17.445137 8.195590 -43.977563
15.753117 6.363882 -43.374676
16.121197 10.880137 -40.066654
19.942221 9.321096 -38.826162
16.745196 9.301512 -38.906929
17.319751 9.164926 -39.150718
17.446580 6.450580 -41.776192
18.484851 8.433473 -41.188789
18.477141 8.606117 -39.072714
20.845232 9.472287 -41.501937
21.120909 6.566026 -38.432691
18.773588 6.549135 -42.711545
18.488293 4.632366 -38.549051
21.092804 5.579392 -39.547044
17.799440 5.634606 -38.838258
18.897561 8.988658 -40.723349
20.520135 6.326460 -38.806333
18.414070 5.906478 -40.173248
17.892304 6.773758 -39.024626
20.096206 7.885271 -37.825983
18.700834 5.937975 -40.935401
19.353549 4.276757 -37.569895
19.917210 4.646754 -38.209572
16.166762 1.749515 -38.806242
19.562281 4.942687 -41.989594
19.483485 7.368129 -38.763701
19.817512 3.499653 -40.591859
16.411627 4.339607 -38.731775
17.282316 2.755501 -41.736197
18.235885 3.621917 -43.126603
20.641326 4.466158 -40.376654
16.032704 1.634061 -38.150647
15.618455 2.400375 -41.770001
21.021812 1.701641 -39.394069
20.690485 5.261003 -40.304413
20.431522 0.071160 -38.214380
18.749675 1.249438 -40.033372
17.566913 2.225321 -38.548801
20.369258 -0.709789 -40.185714
21.059333 -1.352219 -41.612149
21.275350 1.660954 -39.382043
22.761833 1.749548 -39.013168
24.048575 0.516806 -41.196824
20.631826 1.286702 -40.790073
18.447018 3.883615 -39.509735
18.900475 1.583331 -40.163718
19.620678 0.843409 -41.937823
20.527844 2.659997 -39.300734
19.431296 -1.179506 -40.615510
19.609187 -1.194925 -38.625533
17.382643 0.455487 -40.569530
20.538012 -2.737201 -38.007053
21.828987 0.183575 -42.272132
21.189971 -0.857481 -42.407907
19.893411 -1.126755 -39.165887
20.177131 -1.445319 -37.789583
21.729489 -6.391152 -40.476158
19.620479 -4.926891 -39.858725
21.715431 -4.136516 -39.495399
18.441222 -3.722179 -37.783910
18.971610 -2.228342 -42.806827
22.547243 -2.224711 -40.273750
20.583241 -5.450104 -38.226204
19.197935 -3.847799 -40.737483
18.774768 -2.705620 -39.616140
20.583046 -3.966339 -39.230200
18.934679 -0.813636 -42.351896
21.409741 -2.311004 -41.278238
22.815488 -3.073782 -38.543291
19.464719 -5.096508 -40.314113
19.957459 -2.872018 -39.728029
17.951351 -3.939740 -38.618274
20.245241 -4.260148 -40.406392
17.812390 -6.882112 -42.453195
19.501813 -5.905809 -40.659982
14.651378 -7.851792 -38.318739
18.024191 -5.639452 -42.086028
21.113426 -6.595228 -39.564939
22.376197 -4.302673 -40.459848
17.927785 -7.263076 -39.235153
18.587804 -7.564307 -37.799228
18.500294 -3.717975 -39.863886
21.273507 -6.826512 -38.555559
17.430495 -8.837455 -39.310441
19.920093 -7.689927 -41.929590
16.314705 -10.083662 -42.651433
18.435137 -6.447167 -40.020124
14.794100 -8.611757 -40.244198
21.240539 -10.701293 -40.586016
20.565154 -8.029654 -39.155030
18.086112 -8.397788 -38.833586
16.605901 -7.762722 -42.059505
18.216624 -8.997809 -40.924440
17.592041 -10.384826 -41.607552
16.995711 -11.291056 -39.515804
15.699148 -8.750110 -41.772219
16.471066 -10.936905 -38.012280
17.710275 -10.498429 -39.251921
13.946497 -10.425241 -37.003729
17.196374 -10.437246 -39.177807
18.229966 -13.712736 -42.523490
17.088848 -11.965096 -38.031962
16.185663 -13.969627 -41.902021
12.417097 -11.592856 -40.282576
15.786290 -9.795953 -38.202220
16.046973 -14.787664 -39.074078
17.013380 -11.291618 -38.527780
14.309107 -8.911364 -41.439142
17.054433 -14.623004 -41.395397
18.077653 -12.649491 -38.740116
16.029302 -12.580393 -37.954225
15.187931 -15.257515 -41.204860
16.237052 -12.155216 -42.350587
14.189407 -13.781736 -40.548204
13.076031 -14.010969 -41.092916
16.159521 -12.012555 -40.218716
14.274837 -13.172726 -41.224863
13.001694 -14.947851 -40.952220
12.834162 -13.447853 -38.905426
12.054557 -13.805170 -40.329904
14.801717 -14.012675 -42.180399
12.248552 -14.098000 -38.456829
10.671986 -13.770864 -38.215567
13.613325 -13.609901 -41.054604
13.511893 -17.010743 -43.516515
14.951668 -16.199434 -40.683292
11.302949 -16.977851 -40.260757
12.131872 -14.435265 -39.321192
13.549687 -14.782000 -37.633348
11.307763 -15.358323 -38.300965
14.645290 -17.542910 -40.468533
14.623589 -14.780801 -39.707105
12.096429 -16.249571 -39.567671
11.879580 -15.866968 -39.882102
11.074875 -15.132404 -35.628633
9.259018 -15.570331 -41.140285
12.621809 -16.110504 -38.857218
13.348883 -16.013924 -38.301922
7.897825 -14.037306 -39.437407
12.858433 -18.371425 -41.246155
11.286738 -16.683982 -39.575397
12.519553 -19.421242 -38.539271
10.728959 -17.192231 -42.206673
11.293689 -20.619016 -39.027409
8.122381 -17.027098 -40.178753
11.935136 -17.482823 -41.041208
9.240096 -15.411184 -39.195555
9.239630 -17.778946 -42.350766
10.217785 -20.165857 -38.872305
9.643948 -14.045641 -41.650203
9.111928 -15.026640 -38.212916
8.035492 -17.484179 -39.997001
9.315637 -18.962256 -40.133981
6.307543 -17.803690 -39.324969
8.174457 -20.519117 -38.517202
8.872403 -19.273745 -40.420901
5.883729 -19.809024 -40.806717
9.785589 -19.314348 -39.039680
6.942837 -18.065342 -40.212093
8.866401 -19.319629 -42.358792
5.289568 -19.393346 -41.873590
7.782677 -19.370261 -36.438090
4.364869 -18.440190 -41.691930
6.034656 -18.605486 -43.488057
6.932572 -16.033166 -40.680157
6.768898 -17.417986 -40.245930
5.308900 -22.434735 -39.038514
5.811063 -20.603832 -39.810105
4.905115 -19.939029 -39.090563
3.572249 -17.634901 -42.096529
4.384344 -16.378832 -38.308968
5.322787 -20.729312 -40.793908
5.083711 -19.315378 -40.136306
4.724420 -19.744248 -42.162968
3.792251 -18.099642 -42.052501
4.078532 -20.747966 -39.832974
3.575284 -17.346862 -39.240125
1.985442 -18.598581 -41.161978
2.882132 -19.175016 -40.737621
4.880979 -20.845677 -40.928420
2.350819 -20.568379 -38.351213
4.071884 -17.188851 -36.598534
1.375585 -19.679818 -41.764300
1.547903 -20.760081 -41.585732
0.928834 -20.058721 -41.825078
3.561933 -21.244086 -35.785647
1.413493 -19.782411 -41.943012
4.441304 -18.231988 -39.554626
-0.346647 -19.613857 -41.682147
3.658297 -18.732497 -39.856841
-2.398753 -21.435659 -38.968358
2.866045 -18.308836 -42.388020
1.289842 -18.459184 -42.487503
0.616358 -19.579368 -40.451147
-2.359394 -20.484161 -40.490958
-0.012673 -20.844111 -40.664518
14.082576 -13.478454 -40.456640
13.527662 -14.003605 -42.881374
14.857688 -14.142980 -39.940460
15.583237 -17.071359 -42.960751
14.552841 -14.152811 -39.744735
13.448945 -13.145605 -38.601042
14.868109 -14.533378 -43.161534
15.295990 -12.309543 -39.033162
12.822672 -13.131444 -38.709205
16.480360 -15.456301 -40.339682
15.263044 -14.056021 -41.675991
14.764060 -13.274143 -39.868056
14.471513 -14.530194 -37.782582
12.791097 -15.023117 -39.983522
15.460567 -16.388195 -41.965445
11.085543 -14.093093 -41.677459
13.565310 -13.150068 -40.962314
14.489059 -14.591142 -38.991829
14.854828 -15.180036 -40.252978
15.707751 -13.552070 -42.095443
15.125563 -15.769052 -37.881230
15.678284 -13.707307 -39.764151
13.828587 -13.124350 -40.556167
14.495490 -12.834234 -40.842710
13.217847 -15.933684 -41.596709
11.399543 -13.047392 -37.286628
16.280129 -16.581262 -38.912718
16.275295 -14.827351 -39.847829
11.130296 -13.742031 -41.595340
14.441588 -16.483940 -39.185713
15.678905 -15.316905 -41.705384
10.908101 -14.541756 -40.872391
11.815607 -13.462607 -40.674956
12.528532 -14.973994 -38.393043
15.046541 -14.337175 -39.071342
12.400768 -14.093580 -39.779017
13.437381 -13.488948 -41.170650
14.906867 -13.314347 -44.375740
15.927594 -18.713584 -40.924074
15.680158 -14.618066 -42.199279
12.501530 -12.601777 -42.882257
15.835622 -14.224789 -41.788593
13.267463 -15.667972 -38.700662
15.240777 -16.720877 -40.605388
12.847357 -12.201871 -42.025149
16.548479 -14.192078 -41.742902
13.126224 -15.344564 -41.911928
14.284376 -15.984009 -43.270549
13.572621 -16.846420 -41.128241
12.778481 -15.448960 -36.998555
14.226753 -13.774079 -42.664597
13.161191 -13.819182 -41.536793
15.504230 -15.946181 -40.429549
13.263058 -13.895655 -40.960735
13.735795 -14.496331 -41.101582
14.869776 -13.784553 -40.132921
13.496448 -12.947320 -40.353751
13.682090 -13.985101 -37.455120
12.131601 -12.987350 -42.839757
14.468045 -11.779511 -39.266997
14.398073 -14.982810 -39.953429
13.764041 -15.321101 -40.434813
14.439707 -15.292961 -41.209423
12.101770 -13.556048 -39.182015
14.489626 -12.694380 -39.868199
14.730152 -13.686379 -40.137310
13.345903 -10.820907 -40.677926
13.143319 -13.491121 -39.622218
12.034948 -12.458118 -40.141292
12.475739 -12.358959 -39.061487
12.245323 -11.476361 -39.011804
14.126841 -11.756807 -39.761053
14.100011 -15.132586 -39.127224
14.857040 -14.120115 -41.184980
14.337030 -14.246834 -42.000211
11.934417 -13.294406 -43.902832
14.450251 -14.859260 -38.037630
13.401933 -13.152909 -40.595371
14.312758 -13.036881 -40.693834
15.636968 -15.632682 -39.558111
15.526095 -13.152079 -37.125333
12.996977 -16.210860 -41.491503
15.132799 -13.395251 -39.846615
12.457700 -12.991835 -41.837057
15.880560 -9.855978 -39.450323
15.016798 -14.881425 -42.715320
13.238057 -15.781478 -42.170507
16.725676 -13.732842 -39.430469
13.678602 -14.401442 -38.553174
14.093630 -13.346095 -40.294006
13.628906 -16.252507 -42.966624
13.749793 -14.057391 -41.929195
14.090423 -14.061507 -43.234012
12.769449 -13.531240 -39.419412
12.411623 -13.904464 -38.466389
15.307745 -14.285064 -40.701964
13.198119 -13.440406 -39.707344
15.086242 -13.944325 -38.771854
14.284024 -12.965103 -38.693766
12.935346 -16.854352 -37.684761
14.527124 -16.713864 -41.070729
15.299947 -14.561651 -40.768092
16.243458 -15.713066 -41.197230
14.459215 -13.556453 -39.255485
15.508993 -13.844268 -39.265924
13.753322 -14.048088 -39.838699
14.464783 -12.983326 -39.167281
14.208461 -15.355825 -39.898493
14.100109 -13.852363 -36.690212
13.356476 -13.508702 -38.397307
14.289138 -10.635368 -40.567059
14.628269 -15.340344 -40.527287
14.515536 -12.872680 -39.521358
16.030808 -14.284584 -40.498253
18.198113 -13.550779 -41.079222
13.100740 -15.556155 -38.595146
13.595570 -13.951092 -40.095263
15.239374 -15.412252 -41.613358
14.478582 -13.240697 -39.501202
12.927955 -13.125908 -41.115791
13.359828 -15.558066 -38.048262
15.092268 -13.234646 -38.129183
18.361109 -16.705975 -41.107565
13.217873 -15.418365 -41.616375
13.692656 -15.967041 -39.497436
14.219683 -13.420593 -39.238407
15.046646 -14.702249 -36.818285
14.493782 -16.935863 -41.503564
11.531381 -14.116134 -40.182708
13.439497 -11.125746 -39.176526
15.231283 -15.538746 -41.498717
14.197344 -13.882625 -42.784467
13.871675 -14.121027 -40.322724
12.922050 -14.951438 -40.265289
14.278336 -13.234948 -38.378716
13.700614 -14.826370 -39.343516
15.058403 -14.793436 -38.814410
15.611514 -12.204606 -37.332519
12.842511 -14.121288 -39.983083
13.995025 -15.116030 -42.228343
14.281155 -15.294669 -39.871010
12.951070 -15.791623 -39.648552
14.368518 -13.273213 -36.721204
14.558070 -13.414513 -41.616342
12.211774 -11.767891 -41.385220
12.576220 -14.200784 -40.135289
12.788376 -14.599595 -38.155936
12.933145 -16.232644 -38.586110
14.880581 -15.072914 -42.373251
13.025201 -14.224192 -38.251492
12.587263 -14.268915 -38.987283
10.570235 -12.591456 -41.773676
14.640129 -13.772111 -38.373120
14.968522 -17.708071 -41.177169
14.349443 -14.434605 -39.283584
15.326185 -13.229458 -40.321412
11.372630 -14.825357 -39.375448
12.506465 -13.195224 -38.637410
14.332436 -18.737805 -41.917133
16.971419 -14.961942 -42.976215
15.995007 -14.122102 -38.342589
14.557574 -13.454297 -39.455486
15.188368 -10.725990 -38.543490
11.771627 -13.472143 -38.287779
15.946187 -14.782043 -38.252583
15.533749 -10.283359 -41.125003
13.381035 -14.601314 -40.735333
12.807104 -18.286149 -40.652049
14.696173 -14.881968 -37.096928
14.162199 -12.205592 -39.607869
15.381747 -13.723273 -37.946823
14.226045 -13.397955 -39.450501
13.709707 -13.534662 -36.648421
13.736540 -13.512938 -38.113332
15.852516 -14.124561 -43.575083
14.917190 -17.471347 -37.795094
14.396346 -12.642625 -41.353167
11.813374 -13.751004 -40.050405
13.404824 -14.015144 -35.848846
15.393924 -12.567888 -38.734095
16.361329 -14.427243 -43.082142
13.859256 -12.924532 -41.454701
13.877587 -15.179790 -37.746956
15.266321 -13.164825 -39.067598
14.086262 -13.845801 -41.777777
10.862473 -13.917014 -39.514015
15.956032 -11.785132 -37.645002
12.645100 -14.670533 -39.279499
17.939993 -11.921987 -38.320904
13.560454 -15.466935 -38.816638
12.491144 -14.499790 -40.172167
16.531504 -14.674182 -43.658874
14.898803 -15.190668 -39.936053
14.012079 -14.552692 -38.814489
11.842838 -14.917657 -38.973943
13.221008 -16.555346 -38.997167
15.826778 -14.209628 -42.941268
15.201090 -16.631967 -39.536801
12.810940 -15.881895 -40.662865
13.867189 -15.108448 -39.116945
13.473032 -12.671849 -39.578240
13.095800 -15.441045 -42.471244
14.578235 -14.674017 -43.558293
13.338563 -15.493687 -37.636484
11.587968 -16.304162 -38.335046
16.177280 -15.259610 -40.948129
15.066489 -17.632785 -42.791791
13.721036 -11.817300 -40.653595
14.293541 -12.441452 -36.839673
13.276863 -14.167391 -37.266917
11.858837 -12.600764 -41.527473
14.295844 -14.506064 -41.437017
12.667483 -13.727514 -38.506691
13.947531 -14.036966 -39.143239
12.684707 -13.032597 -38.770985
18.047575 -14.706292 -40.687123
15.295584 -12.913479 -40.802631
13.537392 -13.330439 -41.241376
13.526335 -14.007746 -38.506092
13.235238 -16.905712 -42.874896
12.253016 -16.111887 -40.231916
12.358815 -15.196268 -41.161129
13.481374 -12.158379 -39.007079
14.166330 -14.833675 -40.649849
14.633755 -13.265882 -41.361426
14.196857 -17.189565 -39.682429
15.285359 -14.562239 -37.275210
12.820278 -13.815975 -40.053737
13.991689 -14.313619 -39.839342
15.414074 -12.075531 -40.003375
15.365110 -15.194786 -38.851067
12.999148 -12.506146 -36.684039
13.959010 -17.430951 -40.822109
15.989948 -13.312520 -39.626630
15.655138 -13.415455 -38.173412
15.521271 -11.859585 -39.461806
15.500025 -14.602826 -40.902191
16.702287 -13.817829 -38.792679
14.327746 -15.021909 -39.983526
16.296127 -13.309276 -42.567210
13.819269 -11.468695 -40.320695
11.441418 -11.302562 -38.976411
14.037116 -14.699262 -38.376472
13.329161 -12.419751 -39.186707
14.509159 -13.923863 -40.262452
15.710596 -15.440150 -42.432888
15.063796 -13.195278 -39.279638
14.753728 -14.622946 -38.818776
14.073798 -14.872806 -40.467837
17.173095 -16.744600 -39.250318
11.623470 -14.304486 -40.650441
11.014593 -13.558579 -40.570057
10.993326 -12.882783 -37.847491
16.377322 -13.603701 -39.930913
16.134371 -11.618560 -38.299647
12.729829 -13.840118 -39.340726
11.427710 -13.438095 -36.590512
15.102040 -11.932016 -39.725628
14.032308 -13.570229 -41.223740
12.696473 -12.242679 -37.941486
12.655476 -12.690137 -40.130440
14.651848 -13.451808 -38.508474
14.266213 -12.026893 -39.535881
15.078412 -15.392030 -36.762011
14.846873 -13.072639 -42.412279
12.908083 -12.285310 -39.569663
11.271466 -12.584701 -40.815674
16.259111 -14.273889 -39.692940
15.910567 -15.488375 -41.489270
13.847388 -12.901376 -41.996316
11.640084 -12.906554 -40.904467
13.553797 -16.927351 -41.018469
14.130785 -12.746569 -41.156845
16.628200 -15.168970 -41.024638
16.448172 -13.824945 -40.828037
13.909436 -12.112525 -37.800696
12.916946 -14.205786 -39.864765
12.662775 -14.225663 -39.992016
15.852450 -12.330998 -40.493814
13.821206 -13.145697 -40.877783
15.025096 -14.273995 -41.454098
12.706881 -11.971548 -40.234632
16.602667 -14.912590 -39.563192
17.731151 -15.728216 -42.846722
16.072021 -15.382349 -40.031060
13.263258 -13.739891 -41.425804
13.872225 -13.467413 -41.512463
13.092010 -14.663210 -42.143223
13.508294 -13.963941 -40.599323
13.735071 -14.171988 -40.983615
15.178729 -11.988168 -40.696571
14.869933 -14.501561 -39.451769
16.490805 -13.379146 -42.660122
14.823129 -12.292840 -40.332394
15.635588 -15.177309 -42.228309
14.353889 -16.776851 -40.359657
16.072399 -17.006780 -41.919245
12.594087 -14.237115 -40.548575
16.240840 -12.710613 -39.257091
14.360581 -13.552291 -41.292974
10.230087 -19.556610 -38.746935
10.718776 -17.574601 -40.264320
9.525887 -22.190234 -39.546613
8.731779 -17.985654 -38.940201
8.756507 -19.636461 -40.212104
8.927213 -17.774851 -39.757121
10.332402 -19.602042 -39.736449
10.645812 -20.605248 -39.730530
7.760345 -18.594298 -41.357211
8.301302 -15.315761 -41.896646
6.707917 -20.074407 -37.408873
7.664750 -18.208200 -40.604174
6.826485 -18.574992 -36.312635
10.204693 -19.558384 -39.028639
6.731020 -21.004308 -38.470734
9.568024 -16.835383 -40.704798
7.414744 -17.348283 -39.412756
6.898461 -20.973583 -39.829187
8.917941 -20.416758 -39.041861
7.593224 -17.573656 -38.692037
5.836121 -21.205631 -40.800279
7.978251 -19.676988 -41.041065
3.663487 -16.320895 -38.761430
7.284872 -17.585816 -39.134937
5.480932 -19.371744 -40.641347
9.499113 -18.381510 -40.695701
5.926278 -20.820906 -37.743240
3.898176 -18.641413 -38.401034
5.108647 -19.338171 -39.983797
4.067768 -20.429233 -40.674225
5.971235 -19.807744 -41.178694
2.554597 -18.070435 -38.986590
3.723833 -20.177349 -39.139956
1.448780 -20.243187 -38.545293
3.232271 -21.380409 -41.283290
1.566157 -17.361523 -42.873348
1.278063 -22.045542 -40.951496
-0.253557 -20.628615 -40.800694
-0.288477 -20.800644 -42.193686
0.253511 -18.849691 -38.735239
-3.868512 -19.490892 -38.986032
-3.768631 -19.862444 -40.174400
-0.145190 -16.900654 -42.496535
0.125193 -21.043292 -38.528990
-2.886079 -21.016561 -39.260098
-5.245878 -18.511387 -39.653992
-4.046837 -19.014856 -40.251811
-4.965062 -18.005821 -38.902280
-8.381581 -20.154615 -40.851583
-9.095590 -17.078392 -38.536024
-9.176967 -15.742165 -37.947296
-9.355313 -18.711785 -37.636935
-10.580180 -16.839791 -40.509408
-12.579554 -18.742395 -39.050698
-13.160115 -11.421932 -41.629110
-14.591295 -14.680742 -37.706030
-13.304992 -13.987165 -42.765321
-15.087959 -15.822654 -42.842569
-14.536286 -16.912829 -41.983294
-16.125367 -14.104246 -39.405387
-15.434719 -10.800542 -38.871424
-14.719451 -11.406083 -39.544800
-16.163836 -10.433530 -40.595791
-17.892241 -11.098696 -39.367575
-17.958628 -10.079526 -40.993367
-20.018606 -6.817299 -39.882073
-19.844048 -6.264018 -40.840673
-20.968127 -5.128621 -40.805645
-19.742324 -5.776236 -38.286116
-19.332054 -6.809533 -39.184184
-20.285767 -1.348255 -40.001680
-23.070541 -2.810738 -37.083103
-17.477797 0.234889 -41.529640
-18.561506 -2.758008 -39.663566
-21.891878 -1.804380 -41.014370
-18.652167 1.201079 -39.584770
-22.008081 0.370237 -41.119175
-18.625221 3.442293 -38.415422
-20.974506 -1.597757 -42.650443
-17.585547 2.744903 -41.126087
-17.094292 6.077881 -39.963327
-19.802215 4.812705 -39.659256
-16.728904 6.471707 -38.910956
-17.104471 4.905940 -38.867707
-18.991701 3.702697 -43.192254
-19.730184 9.082395 -39.829301
-17.541055 12.011181 -41.903634
-17.434728 10.329012 -41.104410
-16.888617 8.246091 -37.885141
-17.453092 14.450306 -40.048711
-14.351009 12.061286 -40.046116
-16.195620 13.036003 -39.523002
-15.888144 13.361021 -40.915148
-10.622195 14.077634 -37.682152
-13.695310 15.234460 -41.982046
-13.375830 15.761752 -37.620994
-11.652040 18.086809 -39.038906
-8.803766 16.450872 -36.414666
-11.216748 15.879346 -41.815079
-6.223875 18.708119 -40.501181
-7.070738 18.920082 -37.050809
-10.486107 17.859650 -40.693782
-10.345225 20.177212 -40.405595
-5.499712 22.416072 -40.529866
-6.473075 19.305952 -38.519129
-5.934647 18.396439 -38.414216
-3.773867 16.455934 -41.838088
-1.363844 20.273346 -41.143294
-3.164031 19.807253 -38.896400
-4.259223 18.614780 -39.590566
-1.707162 20.797058 -41.844261
-0.380600 21.616375 -39.269772
-0.090620 19.853935 -41.252277
0.185088 21.887411 -40.178543
-0.474143 19.243107 -39.698725
0.842833 20.678677 -39.215734
3.254329 22.042883 -38.506212
1.012763 18.498464 -40.113657
2.206576 18.083578 -40.662538
2.617274 18.713219 -40.473684
5.519526 19.943796 -36.292286
4.408192 19.129086 -39.993801
4.916232 20.132757 -36.884933
3.621799 20.681610 -39.688374
2.871387 20.460650 -38.098565
4.261237 19.201978 -42.588031
3.959216 20.698142 -40.699625
4.466823 19.381595 -40.783619
5.689280 20.058855 -41.742600
5.286512 19.095102 -38.545885
8.735060 17.782599 -38.593935
5.919698 21.438192 -41.700657
9.292144 17.635646 -36.980130
8.375898 17.020951 -40.783358
8.836679 20.051898 -40.106073
7.894873 19.541991 -39.802302
6.038047 17.120295 -39.647320
9.939810 20.702951 -38.830706
8.674056 19.345487 -41.000126
8.128413 16.933545 -41.873114
8.962655 18.399775 -38.968521
9.374796 18.441611 -39.165075
8.574388 18.657570 -41.089217
9.265476 19.005957 -41.004522
8.851096 17.037586 -40.789760
7.138486 19.845914 -38.401472
9.674811 20.884444 -40.283869
13.449454 17.568418 -39.617210
8.328755 18.456445 -38.746578
8.768688 20.555977 -39.641276
9.350000 16.525047 -39.372251
8.738522 16.978538 -41.164712
12.933067 17.502741 -42.185478
7.854478 17.832360 -39.179999
9.700855 18.941072 -40.967290
9.336540 16.633163 -40.929464
7.396785 16.190407 -38.403686
9.743835 19.468329 -39.941030
9.803624 15.396298 -38.705369
8.821308 19.018309 -39.429965
6.981749 15.874445 -41.068081
9.205636 19.204878 -42.051913
6.771470 17.137413 -40.535958
6.073510 16.145900 -41.232753
8.107685 16.568865 -40.173705
9.415714 16.451792 -40.309669
9.202043 17.845529 -40.860505
9.234161 18.085672 -38.343257
7.942874 18.106108 -39.280464
7.576586 20.230202 -40.822518
6.939628 18.687918 -38.943778
5.106791 20.389448 -39.300507
4.420125 20.762260 -36.648860
7.632779 21.177881 -39.871943
3.355168 16.359917 -39.617377
4.659034 17.843514 -40.094120
6.151411 17.125466 -40.673316
7.154586 17.780109 -38.695358
3.804398 20.298566 -38.354009
5.264352 20.927924 -41.727390
5.422339 18.365899 -39.610687
3.716413 20.448674 -39.494565
1.617624 17.766266 -38.691477
2.692873 21.577831 -40.067099
-0.186892 21.356739 -40.555556
1.916109 18.979533 -37.533547
-0.454284 19.475333 -39.838827
-1.345188 20.493632 -37.582134
-1.034981 20.590475 -44.124153
-0.974687 19.509436 -41.227746
0.064766 19.449904 -40.266216
-2.787617 17.000980 -41.697980
-1.466776 16.622472 -41.149473
-4.215278 22.285886 -38.847094
-5.177582 21.479797 -41.110774
-3.570928 17.304566 -38.390113
-6.450546 17.585199 -40.325715
-6.193142 18.134292 -39.169070
-8.259191 19.517280 -39.336667
-8.255742 17.595617 -39.772689
-8.118891 20.981243 -38.590869
-8.256427 22.111715 -39.226062
-9.761688 18.085061 -41.513449
-11.910721 15.780182 -39.028579
-12.246276 16.218564 -38.368818
-11.410495 15.203368 -41.004993
-11.698964 16.006365 -42.409385
-14.541422 14.460504 -38.831755
-13.346604 13.974447 -39.122129
-15.223371 11.846539 -40.391897
-15.864603 12.089221 -42.828359
-17.026895 11.487514 -40.422055
-17.301342 11.378002 -41.618436
-19.835641 9.350104 -38.853828
-15.286275 10.257958 -42.202396
-18.551558 8.670512 -39.733613
-17.740891 6.101266 -39.902585
-18.227892 7.898961 -41.208577
-19.646710 1.782280 -40.932193
-20.148733 3.481480 -39.751582
-19.642201 0.791320 -39.676738
-21.110474 4.075319 -41.922777
-19.796667 2.086798 -39.545347
-19.742689 1.292270 -42.304408
-22.198261 -0.038134 -40.012420
-20.912372 0.937818 -40.418831
-21.429968 -1.254841 -39.661210
-19.442408 1.142553 -41.003364
-19.951895 -1.872357 -40.035134
-20.468915 -5.670671 -40.766252
-21.168836 -6.770051 -41.193518
-20.932748 -4.135177 -39.098362
-20.484794 -6.228349 -42.787364
-19.599886 -6.061981 -38.762593
-19.619419 -5.899058 -42.273538
-20.074449 -7.221068 -37.493318
-17.077457 -9.145279 -43.292776
-20.427248 -9.678244 -40.537094
-18.589859 -10.547716 -39.827303
-15.014046 -11.198302 -38.157408
-15.881098 -12.314242 -38.403532
-16.787237 -8.635646 -39.437114
-14.140512 -12.760944 -37.184295
-12.882930 -16.619815 -37.894794
-13.913221 -14.684796 -41.918881
-11.915918 -16.423011 -39.849746
-12.411162 -13.123710 -37.026610
-11.175099 -16.443469 -40.560164
-8.829644 -17.522418 -40.632006
-8.252523 -18.286396 -40.056633
-11.316238 -16.832258 -37.088700
-7.082520 -16.064992 -41.269153
-7.030214 -20.001461 -40.341648
-5.450841 -18.723684 -42.118962
-7.813889 -21.199701 -39.262821
-1.988736 -17.299194 -42.843978
-2.210212 -18.118425 -42.317950
-4.070500 -18.027170 -39.174350
-4.872059 -18.871285 -43.206251
-2.556061 -18.169269 -39.972409
-2.305816 -18.605250 -38.537872
1.048766 -18.667486 -38.377938
0.800075 -19.599468 -39.865737
-0.062804 -21.816405 -41.432967
0.437542 -19.619299 -37.838781
1.340408 -18.445507 -38.381027
1.573684 -19.015509 -40.365292
4.397325 -18.900001 -41.785726
3.125626 -17.318899 -40.271847
4.000616 -18.902172 -41.554934
4.517911 -21.735692 -40.938436
5.766014 -19.029050 -40.456717
5.201186 -19.570014 -39.981132
5.875008 -20.484093 -39.939495
4.759631 -21.683007 -41.380684
7.899312 -18.638293 -41.985382
3.536894 -19.294344 -37.658220
5.849890 -17.076905 -39.472104
7.102389 -20.953447 -38.593716
6.142162 -17.569344 -41.221255
7.143393 -18.252187 -40.231050
7.702730 -19.098474 -40.973590
9.707651 -17.046946 -41.141297
8.341584 -19.658994 -41.777027
9.215622 -21.029081 -38.609716
7.448802 -18.721782 -39.385373
8.850103 -19.579271 -38.923412
8.286642 -20.163060 -40.254812
10.315038 -15.707374 -38.923977
6.572745 -17.433831 -38.723709
9.550894 -16.944074 -39.455105
8.447010 -18.990196 -42.846903
9.147875 -17.759153 -39.163636
6.704602 -17.035806 -36.918182
8.891023 -18.065488 -39.536496
11.874385 -19.482723 -39.695190
7.669174 -18.746657 -40.074385
10.922795 -15.208226 -39.327787
8.360530 -14.158848 -40.641332
8.082859 -20.553312 -37.905863
-12.689767 -10.515427 -42.084285
-11.954879 -14.036932 -38.790850
-16.613801 -11.940013 -38.820225
-14.200501 -13.174467 -41.148243
-15.011296 -14.837303 -42.779092
-12.849498 -12.354745 -41.052016
-13.619831 -14.540446 -39.507589
-15.083501 -15.467273 -38.421888
-14.237942 -11.108972 -39.930535
-15.531253 -12.301724 -39.053800
-13.051826 -12.356235 -40.979194
-14.333016 -14.399310 -41.936120
-14.537521 -12.137566 -39.643993
-16.161228 -16.475895 -37.502836
-14.277614 -15.113251 -40.410988
-16.358097 -12.007493 -40.589579
-12.091033 -14.064658 -37.855702
-13.757094 -12.862287 -38.921360
-13.207199 -13.620234 -40.349276
-11.268984 -15.502541 -39.993539
-14.119807 -13.538474 -40.644209
-13.670016 -14.395400 -42.372929
-14.127807 -15.792984 -42.601579
-13.936826 -13.410311 -39.209953
-13.291380 -17.041019 -42.041525
-11.181853 -15.712949 -39.083738
-15.172542 -14.022627 -40.949881
-13.299824 -13.936974 -40.672435
-15.717394 -13.740474 -41.819078
-13.500914 -10.202408 -37.974745
-13.064614 -14.270547 -42.908129
-16.125565 -12.217946 -41.184634
-15.191014 -14.390611 -41.593069
-15.982289 -14.217847 -41.337294
-15.253663 -15.313922 -39.216460
-14.490324 -14.409994 -39.104581
-14.355195 -14.559516 -39.294324
-13.139839 -14.362746 -39.879088
-15.314821 -15.433160 -38.846279
-13.474723 -13.459188 -39.578718
-14.072831 -13.097518 -38.597337
-12.775294 -14.293302 -37.919511
-13.799445 -13.193571 -39.576868
-13.771626 -15.245764 -38.947974
-9.874194 -14.704328 -39.893508
-14.811444 -14.874165 -37.683326
-15.151592 -14.853256 -42.381239
-15.278553 -16.704735 -39.052293
-9.942590 -14.692154 -42.500137
-12.792136 -15.232523 -38.050980
-14.565179 -15.089859 -40.266936
-13.005470 -14.483267 -40.745087
-14.440383 -16.049918 -39.404453
-16.822226 -14.808318 -38.860922
-13.687563 -13.256655 -40.097569
-12.387516 -12.755087 -39.330788
-12.750817 -13.016500 -40.659195
-16.157984 -13.511592 -39.180866
-12.506428 -15.546618 -41.359647
-13.452285 -14.248886 -42.828642
-13.579473 -16.920770 -41.417885
-12.114614 -11.404817 -41.823485
-14.636223 -14.078202 -37.328160
-14.881439 -14.857462 -37.676912
-14.704319 -13.058833 -42.215714
-14.398985 -16.631531 -41.583151
-12.883334 -14.216994 -40.478659
-15.265260 -14.473120 -39.548330
-12.667761 -18.079856 -41.247642
-13.903491 -14.290430 -39.394936
-13.740825 -14.599437 -40.790280
-14.510388 -12.419022 -41.098012
-14.236346 -13.867122 -37.659474
-14.592598 -12.703926 -38.152031
-14.237767 -14.458214 -40.493581
-14.525870 -12.860776 -39.653485
-13.789201 -15.829971 -41.451235
-10.926965 -14.408874 -41.162158
-11.995487 -13.719423 -39.132768
-14.349206 -14.620145 -40.254380
-16.216243 -14.274027 -39.555950
-11.366441 -14.013137 -43.501266
-14.283114 -10.032879 -38.700451
-15.358469 -13.255476 -41.113020
-16.172847 -14.664690 -39.862710
-16.950369 -15.865875 -39.984497
-14.754395 -13.549919 -41.822002
-13.070965 -15.917774 -37.535899
-16.715773 -15.780967 -39.373944
-11.645786 -13.669571 -39.155713
-14.115830 -15.681733 -40.735208
-15.960000 -16.060201 -39.397377
-15.826903 -13.662805 -41.952734
-13.697561 -14.875159 -37.890077
-13.656557 -12.288461 -41.133470
-14.057921 -15.613766 -40.620408
-14.535292 -15.230923 -41.823254
-16.262412 -17.651758 -41.584520
-13.200895 -16.539883 -42.052184
-11.455788 -15.096880 -39.518431
-13.178660 -13.148346 -42.283471
-14.488725 -16.569477 -36.330523
-16.534449 -15.713896 -41.560901
-16.387126 -12.113245 -36.366328
-14.855759 -16.122770 -43.355388
-14.508299 -14.616684 -40.976944
-13.810073 -13.549376 -39.515375
-14.616323 -15.794568 -39.001250
-14.123365 -12.809599 -38.814887
-16.274779 -16.293469 -41.133311
-15.726534 -13.009258 -39.473035
-12.493360 -13.547405 -39.687026
-12.342541 -13.437545 -39.897849
-11.921456 -13.969364 -40.456511
-15.398871 -13.087597 -38.144424
-14.218017 -12.180262 -42.955023
-14.225316 -14.202278 -41.090492
-10.566344 -14.241425 -40.611596
-14.103192 -17.146356 -41.139802
-12.667276 -15.085554 -41.243313
-12.177847 -12.131754 -39.224514
-14.824812 -14.501342 -41.206225
-15.634295 -15.708760 -40.927082
-15.694217 -16.487693 -39.670896
-13.790242 -11.590946 -41.002508
-13.697985 -13.673067 -40.380756
-13.025635 -12.979292 -39.508883
-14.525595 -14.678431 -42.051631
-15.351012 -15.075147 -41.685958
-13.482250 -12.347194 -41.362094
-13.716973 -15.693302 -40.457383
-15.177630 -13.239292 -41.018182
-12.624645 -14.510717 -40.974406
-16.022094 -13.762329 -38.657172
-13.732154 -10.783888 -37.855319
-14.603427 -14.619177 -39.295455
-15.399164 -12.392703 -39.457599
-13.757447 -13.111705 -37.415755
-13.885703 -14.311696 -37.736921
-12.690810 -14.623605 -39.992220
-13.849064 -13.599416 -42.034900
-16.455863 -15.473221 -41.447108
-15.107872 -13.190070 -40.253394
-13.847544 -15.978591 -40.692463
-13.261249 -13.249707 -41.086861
-13.899642 -10.843864 -40.026397
-15.181916 -14.402779 -39.861734
-14.368888 -14.189168 -42.165170
-15.586081 -14.366138 -40.247902
-14.991420 -14.407656 -39.908478
-12.808015 -14.290953 -39.401345
-14.954536 -13.283992 -39.436405
-12.843410 -13.071945 -39.116897
-14.289762 -13.774727 -38.404737
-15.120247 -15.084747 -39.727853
-13.519216 -15.378295 -40.112144
-14.283134 -17.465056 -40.329391
-14.378112 -14.382575 -37.876129
-15.965833 -15.379069 -43.918294
-14.863511 -14.735601 -40.764966
-12.480620 -12.851209 -39.883215
-14.698055 -12.602851 -40.029637
-15.369541 -16.716509 -40.661972
-13.010170 -10.727328 -39.907584
-15.290169 -15.919583 -39.172068
-16.789060 -13.316618 -38.773433
-13.487716 -14.471628 -39.152589
-13.885728 -15.309321 -37.224382
-14.669655 -12.978507 -43.627921
-12.227429 -11.938990 -39.955249
-13.303979 -13.304363 -40.964175
-13.321452 -15.355081 -40.913135
-12.451721 -12.680149 -41.059563
-15.242500 -15.110531 -38.901041
-15.642113 -13.607067 -38.879730
-14.274504 -12.627040 -40.456465
-14.462919 -15.608005 -38.474234
-15.291916 -13.617478 -40.106974
-15.721310 -15.055790 -37.925692
-13.839649 -15.655861 -39.542008
-14.361307 -8.961066 -39.572314
-14.713073 -12.012094 -42.761554
-14.000655 -11.150493 -40.174299
-16.742087 -14.736013 -37.818223
-13.578031 -15.400420 -41.027864
-14.981686 -13.600339 -37.992706
-12.563501 -13.458117 -41.997467
-16.134034 -13.342258 -42.018207
-14.480486 -13.685910 -41.706391
-15.678529 -14.283317 -39.244525
-12.549857 -13.231555 -39.889515
-15.261428 -15.748496 -40.766316
-13.527232 -13.637200 -43.149853
-15.320651 -12.335374 -39.881177
-16.267649 -10.608404 -40.043413
-13.565635 -13.542848 -40.551393
-15.233496 -10.959623 -38.495191
-12.909230 -13.277702 -41.504976
-12.225840 -15.406835 -39.575070
-16.601220 -17.203424 -39.522563
-15.355785 -17.125887 -39.189086
-10.962014 -12.057795 -40.385977
-14.128868 -12.810576 -38.316808
-14.657439 -14.090869 -39.549078
-13.311321 -14.341750 -40.180128
-12.072387 -12.327855 -39.283884
-11.563472 -14.721804 -37.565540
-13.328362 -9.235596 -41.788723
-15.176154 -13.513939 -39.404149
-11.216927 -15.144698 -38.642622
-12.398441 -13.085164 -41.441495
-12.030497 -12.298148 -39.100623
-13.835614 -13.802974 -40.118104
-13.180958 -14.095433 -41.272787
-15.715023 -15.270190 -39.666802
-14.182569 -13.819120 -39.248780
-15.083117 -11.943645 -40.401566
-14.792276 -13.418556 -42.754765
-15.327937 -12.670526 -42.606133
-12.465774 -11.875431 -40.554183
-13.704416 -12.463505 -40.700184
-12.840472 -15.148859 -40.716403
-15.341140 -13.628165 -38.263046
-14.418305 -16.049009 -41.624060
-13.550236 -11.375961 -39.409413
-14.722480 -12.992860 -40.359248
-14.709563 -15.579824 -37.887327
-17.950947 -12.945347 -40.695617
-14.757647 -11.603663 -41.071197
-15.162239 -14.337727 -39.379229
-14.804919 -16.502924 -41.298547
-12.220135 -14.029970 -39.323369
-14.534267 -15.131382 -37.483646
-14.424423 -14.807190 -38.355786
-15.225676 -15.034227 -39.984630
-14.141730 -13.752719 -36.862496
-13.637763 -17.709217 -39.510552
-14.085316 -14.076961 -39.631079
-14.185153 -14.221054 -39.080434
-14.955257 -15.563665 -35.464328
-15.215922 -13.991921 -42.243490
-13.967433 -15.541974 -40.663709
-12.574539 -13.434121 -39.147386
-16.798943 -11.386793 -41.787822
-11.849294 -12.609820 -39.134001
-15.424613 -13.914751 -40.706382
-14.098576 -14.516944 -43.057916
-12.459459 -14.263796 -40.727201
-14.982626 -13.604446 -41.340635
-17.524899 -13.531441 -39.221346
-14.441583 -15.863990 -39.866597
-16.338934 -15.682982 -41.126047
-12.876227 -14.686052 -40.671800
-11.210097 -13.613442 -39.491508
-14.696687 -15.036693 -43.279610
-12.689025 -13.469671 -40.268749
-14.347976 -13.037919 -42.332065
-15.026958 -15.846590 -37.342736
-12.828652 -17.446175 -42.270642
-14.340654 -14.850796 -41.986573
-11.224992 -13.673326 -39.287776
-15.180158 -13.058724 -40.570649
-14.567150 -13.225633 -42.443496
-11.746594 -13.868552 -38.078584
-15.755265 -15.526883 -41.742850
-13.766689 -14.043161 -40.696618
-15.663239 -16.042030 -40.072726
-14.840516 -15.170546 -37.679366
-14.265624 -12.237071 -40.799878
-13.774971 -14.225350 -42.546433
-11.999628 -14.344866 -38.880373
-15.270179 -14.389402 -41.300279
-12.288138 -13.675022 -39.449420
-12.104859 -12.407624 -38.851986
-16.274727 -15.185654 -41.505832
-13.050835 -13.886158 -42.085769
-14.425252 -16.383304 -40.079735
-16.625194 -13.348894 -39.433056
-11.280213 -12.870326 -40.634371
-12.915030 -16.238631 -41.443709
-13.642422 -17.379510 -40.055741
-15.672531 -13.990175 -41.616605
-13.505763 -14.113144 -37.899451
-14.132034 -15.295100 -40.370329
-16.158490 -13.532930 -39.115225
-10.438342 -15.074890 -40.401692
-15.005773 -13.823965 -39.427464
-14.222198 -12.512647 -40.925469
-12.662875 -13.334389 -40.018045
-14.614541 -10.502134 -41.225513
-13.695236 -15.267464 -37.321569
-12.811896 -15.159660 -39.231108
-13.755592 -14.917073 -38.862754
-13.558178 -13.818588 -40.062880
-13.495554 -13.798054 -39.911360
-15.103659 -11.601486 -41.575630
-13.500681 -14.622497 -37.360679
-15.497359 -15.245031 -41.454727
-13.656938 -16.201712 -40.717793
-17.370684 -13.781504 -40.750322
17.767915 1.628414 -41.961500
21.195416 -1.051561 -37.597643
21.124326 -1.512072 -41.375624
20.908288 -0.393567 -40.254014
21.908358 -1.123033 -39.863059
21.431942 1.213676 -40.239419
19.566641 -2.608223 -41.584367
20.477539 -0.206823 -39.887609
21.558880 -1.780985 -40.354270
20.283066 -1.056240 -37.852784
21.362880 0.435200 -37.308652
17.751657 -0.011589 -39.450495
18.628167 0.451072 -41.659874
21.035836 1.586752 -39.591500
17.220803 -1.450190 -39.152935
20.031798 -4.041004 -38.135754
20.204985 -1.228612 -38.507567
18.983690 -1.032678 -39.462471
22.671558 2.435381 -39.460433
20.693578 1.187248 -41.885476
20.966223 -1.101110 -39.522283
19.658799 0.751812 -39.822845
15.390455 0.268338 -39.036771
20.668893 -0.153879 -37.536757
20.467060 0.656510 -38.433262
20.543889 -1.347027 -43.657506
19.284319 1.141418 -40.529644
21.201768 0.223092 -38.067901
19.557175 0.701422 -39.241172
22.252403 -2.559956 -40.687612
21.272774 2.318845 -39.639893
19.560944 1.135678 -38.696946
19.460507 0.495461 -38.229209
22.835688 1.113907 -39.933792
19.918887 0.836095 -40.173509
20.284461 -1.586814 -38.054414
18.289723 -0.648168 -39.853610
22.986480 -0.634024 -40.999024
19.173775 2.488346 -44.218520
18.495893 4.096933 -39.113677
18.341023 -0.062877 -39.898818
21.269188 2.759253 -39.417172
19.190318 1.180627 -41.047379
18.449994 -2.639863 -42.347693
18.655332 -1.766685 -39.530145
18.200897 -4.715499 -41.565868
19.292211 -0.908174 -37.720713
19.079686 1.321385 -40.028474
19.936543 -1.253070 -40.088174
18.852356 0.255036 -40.354374
18.583058 1.487842 -39.359739
19.327906 0.218240 -40.125734
18.698614 0.105744 -40.931518
18.582599 -2.434151 -40.537911
20.850456 -1.041989 -36.218937
21.328528 1.956495 -38.807135
22.779297 -1.180503 -43.841106
19.330812 0.837328 -39.772725
20.413209 1.981365 -39.426914
21.198369 -1.409344 -41.643091
22.421171 0.151352 -40.934844
19.067908 -0.973685 -41.063439
18.075278 -2.250631 -40.292507
19.110611 1.660739 -39.560385
20.397977 -1.114681 -40.181543
20.541502 1.074294 -40.140838
21.618686 0.011984 -38.810729
19.265222 -2.718883 -39.597462
21.087986 0.863021 -39.366720
19.477120 -1.210119 -39.172408
20.639671 -0.841349 -38.335864
18.675702 -0.875285 -37.545362
21.302873 -0.537014 -39.568929
20.232188 -4.118421 -41.359711
19.923730 -0.534917 -39.629346
-18.305777 -0.482304 -41.586482
-19.512723 -0.489935 -40.234095
-20.437661 3.362757 -43.361056
-20.582501 -0.005534 -41.171714
-18.650261 1.219887 -40.071632
-20.406011 -0.167935 -40.157180
-20.117560 -0.281999 -39.621326
-18.870182 -1.845390 -41.575996
-22.622777 1.299596 -39.624515
-19.242099 -2.144247 -37.322578
-20.913276 0.252309 -38.718423
-21.480470 -0.819487 -39.731242
-15.713790 0.451687 -37.590458
-18.191490 0.552015 -41.483794
-18.410370 -2.247166 -37.598687
-19.699992 -3.975335 -40.510759
-19.019078 -0.355536 -38.927491
-21.275036 -1.958974 -40.107168
-19.952651 -0.522577 -38.159063
-21.275311 0.469748 -39.898045
-22.335074 -1.978545 -39.982133
-17.028200 0.868905 -42.588452
-24.665732 1.099580 -40.144320
-18.288101 -1.321077 -39.474681
-18.730740 -0.671195 -40.639128
-19.962106 0.814015 -40.021501
-18.539005 -0.692903 -41.992593
-17.034537 -0.906951 -40.852663
-20.098705 0.100772 -40.580025
-20.026151 -0.059643 -39.737771
-23.536231 2.821314 -40.220932
-19.129066 -2.067152 -40.706500
-21.008474 2.204586 -40.878720
-18.862880 -0.975631 -40.678928
-20.368325 1.925768 -42.834779
-21.973495 -2.920958 -41.631253
-21.217400 -2.421722 -41.101222
-23.022072 -1.526983 -38.199369
-19.394618 0.281202 -41.504168
-22.304127 -1.708734 -40.064815
-18.697735 1.353551 -39.054081
-21.106335 0.036825 -40.482014
-20.301785 3.055692 -42.643000
-20.352015 1.817623 -42.198837
-20.965621 -0.793558 -40.334935
-22.393936 0.892929 -39.000569
-19.237437 -1.305561 -39.870234
-21.349160 -0.498895 -36.769798
-19.856457 -1.781290 -39.729497
-22.027694 -1.798516 -41.561685
-20.666464 1.405453 -39.132403
-19.215507 -1.648387 -40.811972
-19.591998 -0.942480 -40.417550
-19.337962 -0.523159 -39.660911
-17.610907 -0.257788 -38.230993
-19.160945 -2.200863 -41.653206
-21.250394 -1.282252 -40.135435
-19.078034 1.882738 -39.537737
-20.668519 -3.123362 -39.894116
-19.961345 0.274393 -36.840640
-18.139105 1.177591 -41.443116
-20.769492 -0.142267 -41.163111
-19.249303 0.535363 -41.632462
-18.204775 0.153466 -42.593607
-20.077014 0.421810 -38.540811
-20.506215 1.241907 -39.719287
-21.972582 -2.122750 -38.316160
-18.206024 0.484364 -37.756440
-18.415085 1.025443 -41.366967
-17.402857 0.804452 -40.578758
-21.002405 0.385176 -42.506589
-18.950490 -1.430356 -39.444088
-20.782431 -0.396628 -41.135365
-20.241844 2.834069 -37.922411
-19.468282 -0.037941 -38.733698
21.694956 -1.244728 -40.116158
17.267063 1.684653 -36.902464
20.120124 -3.187515 -39.086664
18.643866 -0.995024 -39.060135
20.381831 -0.732163 -40.974408
20.188754 -0.614198 -41.663856
19.501155 0.509389 -40.267155
17.879737 1.483597 -44.108217
19.330452 -0.930298 -39.777732
20.842493 1.690147 -41.068607
20.879874 0.293728 -42.567309
22.850810 -2.158163 -39.370754
20.584940 0.413455 -40.741865
21.240879 -2.340551 -40.098743
19.154188 -1.015947 -39.356878
21.616218 -0.514884 -38.828978
20.074611 -1.339098 -40.386928
19.550771 -1.044990 -39.357276
20.351969 -2.385975 -42.477289
20.637027 -1.222930 -39.546938
21.171397 -1.906429 -42.117306
22.511648 0.527356 -40.628861
18.599089 -0.765661 -41.785859
21.325118 -1.165127 -38.359698
19.399057 -1.565025 -40.639452
16.063750 -0.181153 -40.255179
21.237114 -2.829457 -38.257200
21.230899 1.878065 -40.079082
21.520845 -2.206866 -38.930429
18.843256 -2.477103 -41.686211
20.008297 -1.236449 -39.435890
17.287644 -3.190646 -37.941419
21.355700 -1.573945 -40.004499
21.529261 0.628801 -39.777665
21.642731 -1.096069 -39.953232
19.973227 -0.409143 -40.584708
20.109302 0.051611 -41.572641
21.202694 -1.464578 -40.327350
19.557079 0.537155 -43.178656
21.336365 -1.015486 -38.170055
19.282753 -0.073265 -37.129321
19.583993 1.858275 -39.941432
20.623128 0.104938 -38.728223
18.971703 -1.476073 -40.957864
20.149566 -0.331228 -38.934588
21.957098 -1.463758 -41.100923
17.845641 3.045559 -39.542996
20.719703 -2.010313 -40.001755
20.763872 -0.379137 -38.386442
23.467747 -1.420594 -41.533131
18.683366 2.409299 -38.436467
19.796708 0.054839 -41.224815
21.335041 -0.569853 -40.390115
20.913185 -0.281992 -40.352449
20.015863 1.193033 -37.530260
20.878229 1.204971 -40.299781
18.938303 0.980979 -39.743139
17.866057 -0.492104 -40.124346
19.234313 2.222603 -39.280241
22.059762 0.395138 -39.877918
18.595103 0.017894 -39.980419
17.949329 -0.809291 -40.484924
20.620219 0.692025 -40.871978
20.703304 -0.273118 -44.304430
19.272947 1.618483 -42.522709
20.169037 2.377892 -41.140919
20.003224 -1.956024 -37.559153
19.875001 0.069940 -37.968549
20.992218 -1.313443 -40.970917
20.742397 -0.936182 -43.175865
19.920139 -2.220319 -37.575577
20.265181 -1.357763 -41.047949
17.165904 -1.649193 -38.475515
23.347679 1.089595 -40.138064
19.352061 -1.434744 -36.910351
-20.283123 3.173445 -37.909721
-22.611195 -0.998929 -41.003568
-20.119770 -0.090471 -35.505641
-21.615842 0.343455 -39.075238
-20.002358 0.165271 -41.567213
-19.840271 0.767098 -39.508599
-19.144699 2.118912 -38.594550
-19.893058 -1.757638 -40.900008
-20.329447 0.378519 -40.717499
-21.403600 -1.782298 -42.476767
-20.352426 -2.204498 -41.500789
-20.590853 -2.003876 -39.430372
-18.889665 -0.824141 -40.655541
-19.193855 -1.070993 -41.174101
-18.205252 1.326282 -39.097675
-18.611533 -2.965918 -37.969247
-19.411907 1.516172 -39.419257
-19.926613 -0.412964 -39.449283
-20.467622 1.301814 -42.379685
-20.812364 3.067235 -40.939121
-20.358026 -1.323871 -39.496231
-21.104397 -0.278416 -38.726700
-21.048145 1.182917 -38.766656
-18.417566 0.210811 -35.138111
-18.418199 0.487316 -41.313887
-20.145589 2.139490 -37.435698
-17.782506 1.177788 -41.883490
-19.269257 -1.862104 -42.231207
-19.641262 0.784799 -38.644934
-19.254296 0.797379 -41.476979
-20.157465 -2.260675 -43.005054
-18.889036 -1.129687 -38.691252
-18.337479 -0.928976 -39.114533
-20.991735 -2.768818 -39.815036
-20.706311 -0.660134 -37.036985
-22.288785 0.574307 -41.492211
-18.637608 0.447647 -39.430983
-21.417334 -1.148382 -38.609124
-17.343803 0.720462 -41.346131
-19.491592 3.641208 -39.846366
-17.807239 -1.110494 -40.063129
-19.070652 0.595992 -41.149583
-21.214276 1.482427 -38.212674
-17.731785 2.705896 -39.798071
-20.466799 2.026486 -38.930396
-21.473683 -1.550453 -39.262105
-20.265912 -0.039645 -38.391200
-18.861444 1.994810 -42.897304
-19.619903 1.042033 -42.289879
-20.982343 -1.260728 -39.967453
-17.558219 3.033884 -41.221431
-19.210164 0.838197 -39.418561
-19.401531 0.455614 -37.468645
-18.346300 -1.590231 -38.806418
-18.661440 0.472451 -38.302863
-19.717889 0.300702 -39.818139
-23.027366 -0.120598 -41.002376
-21.779672 2.151027 -39.243689
-20.044747 -0.847205 -39.555746
-18.512846 -1.240449 -40.007243
-18.697900 -2.904002 -40.086355
-20.643937 -0.200745 -40.752443
-19.793563 2.885441 -40.485884
-19.562433 2.992120 -40.825023
-17.277987 0.007985 -37.327156
-18.874698 0.460663 -40.098446
-20.936062 0.113687 -38.653958
-20.019667 -0.474934 -40.376174
-18.511285 1.837742 -41.000726
-21.002882 0.569038 -37.708702
-18.281015 -1.877778 -40.396114
-21.395905 -0.401269 -37.593385
-22.133901 -2.428298 -41.242831
-19.569034 0.931132 -39.343827
-18.236472 -2.644628 -38.217495
