# mx (microTesla), my (microTesla), mz (microTesla)
0.000000 -20.000000 -40.000000
-0.209436 -19.998903 -40.000000
-0.418848 -19.995614 -40.000000
-0.628215 -19.990131 -40.000000
-0.837513 -19.982457 -40.000000
-1.046719 -19.972591 -40.000000
-1.255810 -19.960535 -40.000000
-1.464764 -19.946290 -40.000000
-1.673557 -19.929857 -40.000000
-1.882166 -19.911239 -40.000000
-2.090569 -19.890438 -40.000000
-2.298743 -19.867455 -40.000000
-2.506665 -19.842294 -40.000000
-2.714311 -19.814957 -40.000000
-2.921661 -19.785447 -40.000000
-3.128689 -19.753767 -40.000000
-3.335375 -19.719921 -40.000000
-3.541695 -19.683912 -40.000000
-3.747626 -19.645745 -40.000000
-3.953147 -19.605423 -40.000000
-4.158234 -19.562952 -40.000000
-4.362865 -19.518335 -40.000000
-4.567017 -19.471578 -40.000000
-4.770669 -19.422686 -40.000000
-4.973798 -19.371663 -40.000000
-5.176381 -19.318517 -40.000000
-5.378396 -19.263251 -40.000000
-5.579822 -19.205874 -40.000000
-5.780636 -19.146390 -40.000000
-5.980816 -19.084807 -40.000000
-6.180340 -19.021130 -40.000000
-6.379186 -18.955368 -40.000000
-6.577333 -18.887527 -40.000000
-6.774758 -18.817615 -40.000000
-6.971441 -18.745640 -40.000000
-7.167359 -18.671609 -40.000000
-7.362491 -18.595530 -40.000000
-7.556816 -18.517412 -40.000000
-7.750312 -18.437263 -40.000000
-7.942958 -18.355093 -40.000000
-8.134733 -18.270909 -40.000000
-8.325616 -18.184722 -40.000000
-8.515586 -18.096541 -40.000000
-8.704622 -18.006375 -40.000000
-8.892704 -17.914235 -40.000000
-9.079810 -17.820130 -40.000000
-9.265921 -17.724072 -40.000000
-9.451015 -17.626069 -40.000000
-9.635073 -17.526134 -40.000000
-9.818075 -17.424276 -40.000000
-10.000000 -17.320508 -40.000000
-10.180828 -17.214841 -40.000000
-10.360540 -17.107285 -40.000000
-10.539116 -16.997854 -40.000000
-10.716536 -16.886559 -40.000000
-10.892781 -16.773411 -40.000000
-11.067831 -16.658425 -40.000000
-11.241668 -16.541611 -40.000000
-11.414271 -16.422984 -40.000000
-11.585623 -16.302556 -40.000000
-11.755705 -16.180340 -40.000000
-11.924497 -16.056350 -40.000000
-12.091982 -15.930598 -40.000000
-12.258141 -15.803100 -40.000000
-12.422956 -15.673869 -40.000000
-12.586408 -15.542919 -40.000000
-12.748480 -15.410265 -40.000000
-12.909154 -15.275921 -40.000000
-13.068412 -15.139901 -40.000000
-13.226237 -15.002221 -40.000000
-13.382612 -14.862897 -40.000000
-13.537519 -14.721942 -40.000000
-13.690942 -14.579373 -40.000000
-13.842863 -14.435205 -40.000000
-13.993267 -14.289454 -40.000000
-14.142136 -14.142136 -40.000000
-14.289454 -13.993267 -40.000000
-14.435205 -13.842863 -40.000000
-14.579373 -13.690942 -40.000000
-14.721942 -13.537519 -40.000000
-14.862897 -13.382612 -40.000000
-15.002221 -13.226237 -40.000000
-15.139901 -13.068412 -40.000000
-15.275921 -12.909154 -40.000000
-15.410265 -12.748480 -40.000000
-15.542919 -12.586408 -40.000000
-15.673869 -12.422956 -40.000000
-15.803100 -12.258141 -40.000000
-15.930598 -12.091982 -40.000000
-16.056350 -11.924497 -40.000000
-16.180340 -11.755705 -40.000000
-16.302556 -11.585623 -40.000000
-16.422984 -11.414271 -40.000000
-16.541611 -11.241668 -40.000000
-16.658425 -11.067831 -40.000000
-16.773411 -10.892781 -40.000000
-16.886559 -10.716536 -40.000000
-16.997854 -10.539116 -40.000000
-17.107285 -10.360540 -40.000000
-17.214841 -10.180828 -40.000000
-17.320508 -10.000000 -40.000000
-17.424276 -9.818075 -40.000000
-17.526134 -9.635073 -40.000000
-17.626069 -9.451015 -40.000000
-17.724072 -9.265921 -40.000000
-17.820130 -9.079810 -40.000000
-17.914235 -8.892704 -40.000000
-18.006375 -8.704622 -40.000000
-18.096541 -8.515586 -40.000000
-18.184722 -8.325616 -40.000000
-18.270909 -8.134733 -40.000000
-18.355093 -7.942958 -40.000000
-18.437263 -7.750312 -40.000000
-18.517412 -7.556816 -40.000000
-18.595530 -7.362491 -40.000000
-18.671609 -7.167359 -40.000000
-18.745640 -6.971441 -40.000000
-18.817615 -6.774758 -40.000000
-18.887527 -6.577333 -40.000000
-18.955368 -6.379186 -40.000000
-19.021130 -6.180340 -40.000000
-19.084807 -5.980816 -40.000000
-19.146390 -5.780636 -40.000000
-19.205874 -5.579822 -40.000000
-19.263251 -5.378396 -40.000000
-19.318517 -5.176381 -40.000000
-19.371663 -4.973798 -40.000000
-19.422686 -4.770669 -40.000000
-19.471578 -4.567017 -40.000000
-19.518335 -4.362865 -40.000000
-19.562952 -4.158234 -40.000000
-19.605423 -3.953147 -40.000000
-19.645745 -3.747626 -40.000000
-19.683912 -3.541695 -40.000000
-19.719921 -3.335375 -40.000000
-19.753767 -3.128689 -40.000000
-19.785447 -2.921661 -40.000000
-19.814957 -2.714311 -40.000000
-19.842294 -2.506665 -40.000000
-19.867455 -2.298743 -40.000000
-19.890438 -2.090569 -40.000000
-19.911239 -1.882166 -40.000000
-19.929857 -1.673557 -40.000000
-19.946290 -1.464764 -40.000000
-19.960535 -1.255810 -40.000000
-19.972591 -1.046719 -40.000000
-19.982457 -0.837513 -40.000000
-19.990131 -0.628215 -40.000000
-19.995614 -0.418848 -40.000000
-19.998903 -0.209436 -40.000000
-20.000000 -0.000000 -40.000000
-19.998903 0.209436 -40.000000
-19.995614 0.418848 -40.000000
-19.990131 0.628215 -40.000000
-19.982457 0.837513 -40.000000
-19.972591 1.046719 -40.000000
-19.960535 1.255810 -40.000000
-19.946290 1.464764 -40.000000
-19.929857 1.673557 -40.000000
-19.911239 1.882166 -40.000000
-19.890438 2.090569 -40.000000
-19.867455 2.298743 -40.000000
-19.842294 2.506665 -40.000000
-19.814957 2.714311 -40.000000
-19.785447 2.921661 -40.000000
-19.753767 3.128689 -40.000000
-19.719921 3.335375 -40.000000
-19.683912 3.541695 -40.000000
-19.645745 3.747626 -40.000000
-19.605423 3.953147 -40.000000
-19.562952 4.158234 -40.000000
-19.518335 4.362865 -40.000000
-19.471578 4.567017 -40.000000
-19.422686 4.770669 -40.000000
-19.371663 4.973798 -40.000000
-19.318517 5.176381 -40.000000
-19.263251 5.378396 -40.000000
-19.205874 5.579822 -40.000000
-19.146390 5.780636 -40.000000
-19.084807 5.980816 -40.000000
-19.021130 6.180340 -40.000000
-18.955368 6.379186 -40.000000
-18.887527 6.577333 -40.000000
-18.817615 6.774758 -40.000000
-18.745640 6.971441 -40.000000
-18.671609 7.167359 -40.000000
-18.595530 7.362491 -40.000000
-18.517412 7.556816 -40.000000
-18.437263 7.750312 -40.000000
-18.355093 7.942958 -40.000000
-18.270909 8.134733 -40.000000
-18.184722 8.325616 -40.000000
-18.096541 8.515586 -40.000000
-18.006375 8.704622 -40.000000
-17.914235 8.892704 -40.000000
-17.820130 9.079810 -40.000000
-17.724072 9.265921 -40.000000
-17.626069 9.451015 -40.000000
-17.526134 9.635073 -40.000000
-17.424276 9.818075 -40.000000
-17.320508 10.000000 -40.000000
-17.214841 10.180828 -40.000000
-17.107285 10.360540 -40.000000
-16.997854 10.539116 -40.000000
-16.886559 10.716536 -40.000000
-16.773411 10.892781 -40.000000
-16.658425 11.067831 -40.000000
-16.541611 11.241668 -40.000000
-16.422984 11.414271 -40.000000
-16.302556 11.585623 -40.000000
-16.180340 11.755705 -40.000000
-16.056350 11.924497 -40.000000
-15.930598 12.091982 -40.000000
-15.803100 12.258141 -40.000000
-15.673869 12.422956 -40.000000
-15.542919 12.586408 -40.000000
-15.410265 12.748480 -40.000000
-15.275921 12.909154 -40.000000
-15.139901 13.068412 -40.000000
-15.002221 13.226237 -40.000000
-14.862897 13.382612 -40.000000
-14.721942 13.537519 -40.000000
-14.579373 13.690942 -40.000000
-14.435205 13.842863 -40.000000
-14.289454 13.993267 -40.000000
-14.142136 14.142136 -40.000000
-13.993267 14.289454 -40.000000
-13.842863 14.435205 -40.000000
-13.690942 14.579373 -40.000000
-13.537519 14.721942 -40.000000
-13.382612 14.862897 -40.000000
-13.226237 15.002221 -40.000000
-13.068412 15.139901 -40.000000
-12.909154 15.275921 -40.000000
-12.748480 15.410265 -40.000000
-12.586408 15.542919 -40.000000
-12.422956 15.673869 -40.000000
-12.258141 15.803100 -40.000000
-12.091982 15.930598 -40.000000
-11.924497 16.056350 -40.000000
-11.755705 16.180340 -40.000000
-11.585623 16.302556 -40.000000
-11.414271 16.422984 -40.000000
-11.241668 16.541611 -40.000000
-11.067831 16.658425 -40.000000
-10.892781 16.773411 -40.000000
-10.716536 16.886559 -40.000000
-10.539116 16.997854 -40.000000
-10.360540 17.107285 -40.000000
-10.180828 17.214841 -40.000000
-10.000000 17.320508 -40.000000
-9.818075 17.424276 -40.000000
-9.635073 17.526134 -40.000000
-9.451015 17.626069 -40.000000
-9.265921 17.724072 -40.000000
-9.079810 17.820130 -40.000000
-8.892704 17.914235 -40.000000
-8.704622 18.006375 -40.000000
-8.515586 18.096541 -40.000000
-8.325616 18.184722 -40.000000
-8.134733 18.270909 -40.000000
-7.942958 18.355093 -40.000000
-7.750312 18.437263 -40.000000
-7.556816 18.517412 -40.000000
-7.362491 18.595530 -40.000000
-7.167359 18.671609 -40.000000
-6.971441 18.745640 -40.000000
-6.774758 18.817615 -40.000000
-6.577333 18.887527 -40.000000
-6.379186 18.955368 -40.000000
-6.180340 19.021130 -40.000000
-5.980816 19.084807 -40.000000
-5.780636 19.146390 -40.000000
-5.579822 19.205874 -40.000000
-5.378396 19.263251 -40.000000
-5.176381 19.318517 -40.000000
-4.973798 19.371663 -40.000000
-4.770669 19.422686 -40.000000
-4.567017 19.471578 -40.000000
-4.362865 19.518335 -40.000000
-4.158234 19.562952 -40.000000
-3.953147 19.605423 -40.000000
-3.747626 19.645745 -40.000000
-3.541695 19.683912 -40.000000
-3.335375 19.719921 -40.000000
-3.128689 19.753767 -40.000000
-2.921661 19.785447 -40.000000
-2.714311 19.814957 -40.000000
-2.506665 19.842294 -40.000000
-2.298743 19.867455 -40.000000
-2.090569 19.890438 -40.000000
-1.882166 19.911239 -40.000000
-1.673557 19.929857 -40.000000
-1.464764 19.946290 -40.000000
-1.255810 19.960535 -40.000000
-1.046719 19.972591 -40.000000
-0.837513 19.982457 -40.000000
-0.628215 19.990131 -40.000000
-0.418848 19.995614 -40.000000
-0.209436 19.998903 -40.000000
-0.000000 20.000000 -40.000000
0.209436 19.998903 -40.000000
0.418848 19.995614 -40.000000
0.628215 19.990131 -40.000000
0.837513 19.982457 -40.000000
1.046719 19.972591 -40.000000
1.255810 19.960535 -40.000000
1.464764 19.946290 -40.000000
1.673557 19.929857 -40.000000
1.882166 19.911239 -40.000000
2.090569 19.890438 -40.000000
2.298743 19.867455 -40.000000
2.506665 19.842294 -40.000000
2.714311 19.814957 -40.000000
2.921661 19.785447 -40.000000
3.128689 19.753767 -40.000000
3.335375 19.719921 -40.000000
3.541695 19.683912 -40.000000
3.747626 19.645745 -40.000000
3.953147 19.605423 -40.000000
4.158234 19.562952 -40.000000
4.362865 19.518335 -40.000000
4.567017 19.471578 -40.000000
4.770669 19.422686 -40.000000
4.973798 19.371663 -40.000000
5.176381 19.318517 -40.000000
5.378396 19.263251 -40.000000
5.579822 19.205874 -40.000000
5.780636 19.146390 -40.000000
5.980816 19.084807 -40.000000
6.180340 19.021130 -40.000000
6.379186 18.955368 -40.000000
6.577333 18.887527 -40.000000
6.774758 18.817615 -40.000000
6.971441 18.745640 -40.000000
7.167359 18.671609 -40.000000
7.362491 18.595530 -40.000000
7.556816 18.517412 -40.000000
7.750312 18.437263 -40.000000
7.942958 18.355093 -40.000000
8.134733 18.270909 -40.000000
8.325616 18.184722 -40.000000
8.515586 18.096541 -40.000000
8.704622 18.006375 -40.000000
8.892704 17.914235 -40.000000
9.079810 17.820130 -40.000000
9.265921 17.724072 -40.000000
9.451015 17.626069 -40.000000
9.635073 17.526134 -40.000000
9.818075 17.424276 -40.000000
10.000000 17.320508 -40.000000
10.180828 17.214841 -40.000000
10.360540 17.107285 -40.000000
10.539116 16.997854 -40.000000
10.716536 16.886559 -40.000000
10.892781 16.773411 -40.000000
11.067831 16.658425 -40.000000
11.241668 16.541611 -40.000000
11.414271 16.422984 -40.000000
11.585623 16.302556 -40.000000
11.755705 16.180340 -40.000000
11.924497 16.056350 -40.000000
12.091982 15.930598 -40.000000
12.258141 15.803100 -40.000000
12.422956 15.673869 -40.000000
12.586408 15.542919 -40.000000
12.748480 15.410265 -40.000000
12.909154 15.275921 -40.000000
13.068412 15.139901 -40.000000
13.226237 15.002221 -40.000000
13.382612 14.862897 -40.000000
13.537519 14.721942 -40.000000
13.690942 14.579373 -40.000000
13.842863 14.435205 -40.000000
13.993267 14.289454 -40.000000
14.142136 14.142136 -40.000000
14.289454 13.993267 -40.000000
14.435205 13.842863 -40.000000
14.579373 13.690942 -40.000000
14.721942 13.537519 -40.000000
14.862897 13.382612 -40.000000
15.002221 13.226237 -40.000000
15.139901 13.068412 -40.000000
15.275921 12.909154 -40.000000
15.410265 12.748480 -40.000000
15.542919 12.586408 -40.000000
15.673869 12.422956 -40.000000
15.803100 12.258141 -40.000000
15.930598 12.091982 -40.000000
16.056350 11.924497 -40.000000
16.180340 11.755705 -40.000000
16.302556 11.585623 -40.000000
16.422984 11.414271 -40.000000
16.541611 11.241668 -40.000000
16.658425 11.067831 -40.000000
16.773411 10.892781 -40.000000
16.886559 10.716536 -40.000000
16.997854 10.539116 -40.000000
17.107285 10.360540 -40.000000
17.214841 10.180828 -40.000000
17.320508 10.000000 -40.000000
17.424276 9.818075 -40.000000
17.526134 9.635073 -40.000000
17.626069 9.451015 -40.000000
17.724072 9.265921 -40.000000
17.820130 9.079810 -40.000000
17.914235 8.892704 -40.000000
18.006375 8.704622 -40.000000
18.096541 8.515586 -40.000000
18.184722 8.325616 -40.000000
18.270909 8.134733 -40.000000
18.355093 7.942958 -40.000000
18.437263 7.750312 -40.000000
18.517412 7.556816 -40.000000
18.595530 7.362491 -40.000000
18.671609 7.167359 -40.000000
18.745640 6.971441 -40.000000
18.817615 6.774758 -40.000000
18.887527 6.577333 -40.000000
18.955368 6.379186 -40.000000
19.021130 6.180340 -40.000000
19.084807 5.980816 -40.000000
19.146390 5.780636 -40.000000
19.205874 5.579822 -40.000000
19.263251 5.378396 -40.000000
19.318517 5.176381 -40.000000
19.371663 4.973798 -40.000000
19.422686 4.770669 -40.000000
19.471578 4.567017 -40.000000
19.518335 4.362865 -40.000000
19.562952 4.158234 -40.000000
19.605423 3.953147 -40.000000
19.645745 3.747626 -40.000000
19.683912 3.541695 -40.000000
19.719921 3.335375 -40.000000
19.753767 3.128689 -40.000000
19.785447 2.921661 -40.000000
19.814957 2.714311 -40.000000
19.842294 2.506665 -40.000000
19.867455 2.298743 -40.000000
19.890438 2.090569 -40.000000
19.911239 1.882166 -40.000000
19.929857 1.673557 -40.000000
19.946290 1.464764 -40.000000
19.960535 1.255810 -40.000000
19.972591 1.046719 -40.000000
19.982457 0.837513 -40.000000
19.990131 0.628215 -40.000000
19.995614 0.418848 -40.000000
19.998903 0.209436 -40.000000
20.000000 0.000000 -40.000000
19.998903 -0.209436 -40.000000
19.995614 -0.418848 -40.000000
19.990131 -0.628215 -40.000000
19.982457 -0.837513 -40.000000
19.972591 -1.046719 -40.000000
19.960535 -1.255810 -40.000000
19.946290 -1.464764 -40.000000
19.929857 -1.673557 -40.000000
19.911239 -1.882166 -40.000000
19.890438 -2.090569 -40.000000
19.867455 -2.298743 -40.000000
19.842294 -2.506665 -40.000000
19.814957 -2.714311 -40.000000
19.785447 -2.921661 -40.000000
19.753767 -3.128689 -40.000000
19.719921 -3.335375 -40.000000
19.683912 -3.541695 -40.000000
19.645745 -3.747626 -40.000000
19.605423 -3.953147 -40.000000
19.562952 -4.158234 -40.000000
19.518335 -4.362865 -40.000000
19.471578 -4.567017 -40.000000
19.422686 -4.770669 -40.000000
19.371663 -4.973798 -40.000000
19.318517 -5.176381 -40.000000
19.263251 -5.378396 -40.000000
19.205874 -5.579822 -40.000000
19.146390 -5.780636 -40.000000
19.084807 -5.980816 -40.000000
19.021130 -6.180340 -40.000000
18.955368 -6.379186 -40.000000
18.887527 -6.577333 -40.000000
18.817615 -6.774758 -40.000000
18.745640 -6.971441 -40.000000
18.671609 -7.167359 -40.000000
18.595530 -7.362491 -40.000000
18.517412 -7.556816 -40.000000
18.437263 -7.750312 -40.000000
18.355093 -7.942958 -40.000000
18.270909 -8.134733 -40.000000
18.184722 -8.325616 -40.000000
18.096541 -8.515586 -40.000000
18.006375 -8.704622 -40.000000
17.914235 -8.892704 -40.000000
17.820130 -9.079810 -40.000000
17.724072 -9.265921 -40.000000
17.626069 -9.451015 -40.000000
17.526134 -9.635073 -40.000000
17.424276 -9.818075 -40.000000
17.320508 -10.000000 -40.000000
17.214841 -10.180828 -40.000000
17.107285 -10.360540 -40.000000
16.997854 -10.539116 -40.000000
16.886559 -10.716536 -40.000000
16.773411 -10.892781 -40.000000
16.658425 -11.067831 -40.000000
16.541611 -11.241668 -40.000000
16.422984 -11.414271 -40.000000
16.302556 -11.585623 -40.000000
16.180340 -11.755705 -40.000000
16.056350 -11.924497 -40.000000
15.930598 -12.091982 -40.000000
15.803100 -12.258141 -40.000000
15.673869 -12.422956 -40.000000
15.542919 -12.586408 -40.000000
15.410265 -12.748480 -40.000000
15.275921 -12.909154 -40.000000
15.139901 -13.068412 -40.000000
15.002221 -13.226237 -40.000000
14.862897 -13.382612 -40.000000
14.721942 -13.537519 -40.000000
14.579373 -13.690942 -40.000000
14.435205 -13.842863 -40.000000
14.289454 -13.993267 -40.000000
14.142136 -14.142136 -40.000000
13.993267 -14.289454 -40.000000
13.842863 -14.435205 -40.000000
13.690942 -14.579373 -40.000000
13.537519 -14.721942 -40.000000
13.382612 -14.862897 -40.000000
13.226237 -15.002221 -40.000000
13.068412 -15.139901 -40.000000
12.909154 -15.275921 -40.000000
12.748480 -15.410265 -40.000000
12.586408 -15.542919 -40.000000
12.422956 -15.673869 -40.000000
12.258141 -15.803100 -40.000000
12.091982 -15.930598 -40.000000
11.924497 -16.056350 -40.000000
11.755705 -16.180340 -40.000000
11.585623 -16.302556 -40.000000
11.414271 -16.422984 -40.000000
11.241668 -16.541611 -40.000000
11.067831 -16.658425 -40.000000
10.892781 -16.773411 -40.000000
10.716536 -16.886559 -40.000000
10.539116 -16.997854 -40.000000
10.360540 -17.107285 -40.000000
10.180828 -17.214841 -40.000000
10.000000 -17.320508 -40.000000
9.818075 -17.424276 -40.000000
9.635073 -17.526134 -40.000000
9.451015 -17.626069 -40.000000
9.265921 -17.724072 -40.000000
9.079810 -17.820130 -40.000000
8.892704 -17.914235 -40.000000
8.704622 -18.006375 -40.000000
8.515586 -18.096541 -40.000000
8.325616 -18.184722 -40.000000
8.134733 -18.270909 -40.000000
7.942958 -18.355093 -40.000000
7.750312 -18.437263 -40.000000
7.556816 -18.517412 -40.000000
7.362491 -18.595530 -40.000000
7.167359 -18.671609 -40.000000
6.971441 -18.745640 -40.000000
6.774758 -18.817615 -40.000000
6.577333 -18.887527 -40.000000
6.379186 -18.955368 -40.000000
6.180340 -19.021130 -40.000000
5.980816 -19.084807 -40.000000
5.780636 -19.146390 -40.000000
5.579822 -19.205874 -40.000000
5.378396 -19.263251 -40.000000
5.176381 -19.318517 -40.000000
4.973798 -19.371663 -40.000000
4.770669 -19.422686 -40.000000
4.567017 -19.471578 -40.000000
4.362865 -19.518335 -40.000000
4.158234 -19.562952 -40.000000
3.953147 -19.605423 -40.000000
3.747626 -19.645745 -40.000000
3.541695 -19.683912 -40.000000
3.335375 -19.719921 -40.000000
3.128689 -19.753767 -40.000000
2.921661 -19.785447 -40.000000
2.714311 -19.814957 -40.000000
2.506665 -19.842294 -40.000000
2.298743 -19.867455 -40.000000
2.090569 -19.890438 -40.000000
1.882166 -19.911239 -40.000000
1.673557 -19.929857 -40.000000
1.464764 -19.946290 -40.000000
1.255810 -19.960535 -40.000000
1.046719 -19.972591 -40.000000
0.837513 -19.982457 -40.000000
0.628215 -19.990131 -40.000000
0.418848 -19.995614 -40.000000
0.209436 -19.998903 -40.000000
14.142136 -14.142136 -40.000000
14.142136 -14.142136 -40.000000
14.142136 -14.142136 -40.000000
14.142136 -14.142136 -40.000000
14.142136 -14.142136 -40.000000
14.142136 -14.142136 -40.000000
14.142136 -14.142136 -40.000000
14.142136 -14.142136 -40.000000
14.142136 -14.142136 -40.000000
14.142136 -14.142136 -40.000000
14.142136 -14.142136 -40.000000
14.142136 -14.142136 -40.000000
14.142136 -14.142136 -40.000000
14.142136 -14.142136 -40.000000
14.142136 -14.142136 -40.000000
14.142136 -14.142136 -40.000000
14.142136 -14.142136 -40.000000
14.142136 -14.142136 -40.000000
14.142136 -14.142136 -40.000000
14.142136 -14.142136 -40.000000
14.142136 -14.142136 -40.000000
14.142136 -14.142136 -40.000000
14.142136 -14.142136 -40.000000
14.142136 -14.142136 -40.000000
14.142136 -14.142136 -40.000000
14.142136 -14.142136 -40.000000
14.142136 -14.142136 -40.000000
14.142136 -14.142136 -40.000000
14.142136 -14.142136 -40.000000
14.142136 -14.142136 -40.000000
14.142136 -14.142136 -40.000000
14.142136 -14.142136 -40.000000
14.142136 -14.142136 -40.000000
14.142136 -14.142136 -40.000000
14.142136 -14.142136 -40.000000
14.142136 -14.142136 -40.000000
14.142136 -14.142136 -40.000000
14.142136 -14.142136 -40.000000
14.142136 -14.142136 -40.000000
14.142136 -14.142136 -40.000000
14.142136 -14.142136 -40.000000
14.142136 -14.142136 -40.000000
14.142136 -14.142136 -40.000000
14.142136 -14.142136 -40.000000
14.142136 -14.142136 -40.000000
14.142136 -14.142136 -40.000000
14.142136 -14.142136 -40.000000
14.142136 -14.142136 -40.000000
14.142136 -14.142136 -40.000000
14.142136 -14.142136 -40.000000
14.142136 -14.142136 -40.000000
14.142136 -14.142136 -40.000000
14.142136 -14.142136 -40.000000
14.142136 -14.142136 -40.000000
14.142136 -14.142136 -40.000000
14.142136 -14.142136 -40.000000
14.142136 -14.142136 -40.000000
14.142136 -14.142136 -40.000000
14.142136 -14.142136 -40.000000
14.142136 -14.142136 -40.000000
14.142136 -14.142136 -40.000000
14.142136 -14.142136 -40.000000
14.142136 -14.142136 -40.000000
14.142136 -14.142136 -40.000000
14.142136 -14.142136 -40.000000
14.142136 -14.142136 -40.000000
14.142136 -14.142136 -40.000000
14.142136 -14.142136 -40.000000
14.142136 -14.142136 -40.000000
14.142136 -14.142136 -40.000000
14.142136 -14.142136 -40.000000
14.142136 -14.142136 -40.000000
14.142136 -14.142136 -40.000000
14.142136 -14.142136 -40.000000
14.142136 -14.142136 -40.000000
14.142136 -14.142136 -40.000000
14.142136 -14.142136 -40.000000
14.142136 -14.142136 -40.000000
14.142136 -14.142136 -40.000000
14.142136 -14.142136 -40.000000
14.142136 -14.142136 -40.000000
14.142136 -14.142136 -40.000000
14.142136 -14.142136 -40.000000
14.142136 -14.142136 -40.000000
14.142136 -14.142136 -40.000000
14.142136 -14.142136 -40.000000
14.142136 -14.142136 -40.000000
14.142136 -14.142136 -40.000000
14.142136 -14.142136 -40.000000
14.142136 -14.142136 -40.000000
14.142136 -14.142136 -40.000000
14.142136 -14.142136 -40.000000
14.142136 -14.142136 -40.000000
14.142136 -14.142136 -40.000000
14.142136 -14.142136 -40.000000
14.142136 -14.142136 -40.000000
14.142136 -14.142136 -40.000000
14.142136 -14.142136 -40.000000
14.142136 -14.142136 -40.000000
14.142136 -14.142136 -40.000000
14.142136 -14.142136 -40.000000
14.142136 -14.142136 -40.000000
14.142136 -14.142136 -40.000000
14.142136 -14.142136 -40.000000
14.142136 -14.142136 -40.000000
14.142136 -14.142136 -40.000000
14.142136 -14.142136 -40.000000
14.142136 -14.142136 -40.000000
14.142136 -14.142136 -40.000000
14.142136 -14.142136 -40.000000
14.142136 -14.142136 -40.000000
14.142136 -14.142136 -40.000000
14.142136 -14.142136 -40.000000
14.142136 -14.142136 -40.000000
14.142136 -14.142136 -40.000000
14.142136 -14.142136 -40.000000
14.142136 -14.142136 -40.000000
14.142136 -14.142136 -40.000000
14.142136 -14.142136 -40.000000
14.142136 -14.142136 -40.000000
14.142136 -14.142136 -40.000000
14.142136 -14.142136 -40.000000
14.142136 -14.142136 -40.000000
14.142136 -14.142136 -40.000000
14.142136 -14.142136 -40.000000
14.142136 -14.142136 -40.000000
14.142136 -14.142136 -40.000000
14.142136 -14.142136 -40.000000
14.142136 -14.142136 -40.000000
14.142136 -14.142136 -40.000000
14.142136 -14.142136 -40.000000
14.142136 -14.142136 -40.000000
14.142136 -14.142136 -40.000000
14.142136 -14.142136 -40.000000
14.142136 -14.142136 -40.000000
14.142136 -14.142136 -40.000000
14.142136 -14.142136 -40.000000
14.142136 -14.142136 -40.000000
14.142136 -14.142136 -40.000000
14.142136 -14.142136 -40.000000
14.142136 -14.142136 -40.000000
14.142136 -14.142136 -40.000000
14.142136 -14.142136 -40.000000
14.142136 -14.142136 -40.000000
14.142136 -14.142136 -40.000000
14.142136 -14.142136 -40.000000
14.142136 -14.142136 -40.000000
14.142136 -14.142136 -40.000000
14.142136 -14.142136 -40.000000
14.142136 -14.142136 -40.000000
14.142136 -14.142136 -40.000000
14.142136 -14.142136 -40.000000
14.142136 -14.142136 -40.000000
14.142136 -14.142136 -40.000000
14.142136 -14.142136 -40.000000
14.142136 -14.142136 -40.000000
14.142136 -14.142136 -40.000000
14.142136 -14.142136 -40.000000
14.142136 -14.142136 -40.000000
14.142136 -14.142136 -40.000000
14.142136 -14.142136 -40.000000
14.142136 -14.142136 -40.000000
14.142136 -14.142136 -40.000000
14.142136 -14.142136 -40.000000
14.142136 -14.142136 -40.000000
14.142136 -14.142136 -40.000000
14.142136 -14.142136 -40.000000
14.142136 -14.142136 -40.000000
14.142136 -14.142136 -40.000000
14.142136 -14.142136 -40.000000
14.142136 -14.142136 -40.000000
14.142136 -14.142136 -40.000000
14.142136 -14.142136 -40.000000
14.142136 -14.142136 -40.000000
14.142136 -14.142136 -40.000000
14.142136 -14.142136 -40.000000
14.142136 -14.142136 -40.000000
14.142136 -14.142136 -40.000000
14.142136 -14.142136 -40.000000
14.142136 -14.142136 -40.000000
14.142136 -14.142136 -40.000000
14.142136 -14.142136 -40.000000
14.142136 -14.142136 -40.000000
14.142136 -14.142136 -40.000000
14.142136 -14.142136 -40.000000
14.142136 -14.142136 -40.000000
14.142136 -14.142136 -40.000000
14.142136 -14.142136 -40.000000
14.142136 -14.142136 -40.000000
14.142136 -14.142136 -40.000000
14.142136 -14.142136 -40.000000
14.142136 -14.142136 -40.000000
14.142136 -14.142136 -40.000000
14.142136 -14.142136 -40.000000
14.142136 -14.142136 -40.000000
14.142136 -14.142136 -40.000000
14.142136 -14.142136 -40.000000
14.142136 -14.142136 -40.000000
14.142136 -14.142136 -40.000000
14.142136 -14.142136 -40.000000
14.142136 -14.142136 -40.000000
14.142136 -14.142136 -40.000000
14.142136 -14.142136 -40.000000
14.142136 -14.142136 -40.000000
14.142136 -14.142136 -40.000000
14.142136 -14.142136 -40.000000
14.142136 -14.142136 -40.000000
14.142136 -14.142136 -40.000000
14.142136 -14.142136 -40.000000
14.142136 -14.142136 -40.000000
14.142136 -14.142136 -40.000000
14.142136 -14.142136 -40.000000
14.142136 -14.142136 -40.000000
14.142136 -14.142136 -40.000000
14.142136 -14.142136 -40.000000
14.142136 -14.142136 -40.000000
14.142136 -14.142136 -40.000000
14.142136 -14.142136 -40.000000
14.142136 -14.142136 -40.000000
14.142136 -14.142136 -40.000000
14.142136 -14.142136 -40.000000
14.142136 -14.142136 -40.000000
14.142136 -14.142136 -40.000000
14.142136 -14.142136 -40.000000
14.142136 -14.142136 -40.000000
14.142136 -14.142136 -40.000000
14.142136 -14.142136 -40.000000
14.142136 -14.142136 -40.000000
14.142136 -14.142136 -40.000000
14.142136 -14.142136 -40.000000
14.142136 -14.142136 -40.000000
14.142136 -14.142136 -40.000000
14.142136 -14.142136 -40.000000
14.142136 -14.142136 -40.000000
14.142136 -14.142136 -40.000000
14.142136 -14.142136 -40.000000
14.142136 -14.142136 -40.000000
14.142136 -14.142136 -40.000000
14.142136 -14.142136 -40.000000
14.142136 -14.142136 -40.000000
14.142136 -14.142136 -40.000000
14.142136 -14.142136 -40.000000
14.142136 -14.142136 -40.000000
14.142136 -14.142136 -40.000000
14.142136 -14.142136 -40.000000
14.142136 -14.142136 -40.000000
14.142136 -14.142136 -40.000000
14.142136 -14.142136 -40.000000
14.142136 -14.142136 -40.000000
14.142136 -14.142136 -40.000000
14.142136 -14.142136 -40.000000
14.142136 -14.142136 -40.000000
14.142136 -14.142136 -40.000000
14.142136 -14.142136 -40.000000
14.142136 -14.142136 -40.000000
14.142136 -14.142136 -40.000000
14.142136 -14.142136 -40.000000
14.142136 -14.142136 -40.000000
14.142136 -14.142136 -40.000000
14.142136 -14.142136 -40.000000
14.142136 -14.142136 -40.000000
14.142136 -14.142136 -40.000000
14.142136 -14.142136 -40.000000
14.142136 -14.142136 -40.000000
14.142136 -14.142136 -40.000000
14.142136 -14.142136 -40.000000
14.142136 -14.142136 -40.000000
14.142136 -14.142136 -40.000000
14.142136 -14.142136 -40.000000
14.142136 -14.142136 -40.000000
14.142136 -14.142136 -40.000000
14.142136 -14.142136 -40.000000
14.142136 -14.142136 -40.000000
14.142136 -14.142136 -40.000000
14.142136 -14.142136 -40.000000
14.142136 -14.142136 -40.000000
14.142136 -14.142136 -40.000000
14.142136 -14.142136 -40.000000
14.142136 -14.142136 -40.000000
14.142136 -14.142136 -40.000000
14.142136 -14.142136 -40.000000
14.142136 -14.142136 -40.000000
14.142136 -14.142136 -40.000000
14.142136 -14.142136 -40.000000
14.142136 -14.142136 -40.000000
14.142136 -14.142136 -40.000000
14.142136 -14.142136 -40.000000
14.142136 -14.142136 -40.000000
14.142136 -14.142136 -40.000000
14.142136 -14.142136 -40.000000
14.142136 -14.142136 -40.000000
14.142136 -14.142136 -40.000000
14.142136 -14.142136 -40.000000
14.142136 -14.142136 -40.000000
14.142136 -14.142136 -40.000000
14.142136 -14.142136 -40.000000
14.142136 -14.142136 -40.000000
14.142136 -14.142136 -40.000000
14.142136 -14.142136 -40.000000
14.142136 -14.142136 -40.000000
8.944272 -17.888544 -40.000000
8.939563 -17.890898 -40.000000
8.925422 -17.897956 -40.000000
8.901810 -17.909712 -40.000000
8.868660 -17.926150 -40.000000
8.825880 -17.947252 -40.000000
8.773348 -17.972990 -40.000000
8.710918 -18.003331 -40.000000
8.638412 -18.038233 -40.000000
8.555628 -18.077644 -40.000000
8.462332 -18.121505 -40.000000
8.358260 -18.169741 -40.000000
8.243120 -18.222266 -40.000000
8.116586 -18.278978 -40.000000
7.978304 -18.339756 -40.000000
7.827885 -18.404462 -40.000000
7.664908 -18.472931 -40.000000
7.488917 -18.544976 -40.000000
7.299426 -18.620375 -40.000000
7.095912 -18.698878 -40.000000
6.877819 -18.780192 -40.000000
6.644560 -18.863982 -40.000000
6.395513 -18.949866 -40.000000
6.130028 -19.037404 -40.000000
5.847425 -19.126098 -40.000000
5.547002 -19.215378 -40.000000
5.228033 -19.304602 -40.000000
4.889780 -19.393041 -40.000000
4.531494 -19.479876 -40.000000
4.152429 -19.564185 -40.000000
3.751849 -19.644939 -40.000000
3.329043 -19.720991 -40.000000
2.883339 -19.791068 -40.000000
2.414121 -19.853766 -40.000000
1.920854 -19.907544 -40.000000
1.403104 -19.950722 -40.000000
0.860563 -19.981477 -40.000000
0.293086 -19.997852 -40.000000
-0.299288 -19.997761 -40.000000
-0.916293 -19.978999 -40.000000
-1.557410 -19.939270 -40.000000
-2.221828 -19.876204 -40.000000
-2.908416 -19.787398 -40.000000
-3.615698 -19.670453 -40.000000
-4.341826 -19.523026 -40.000000
-5.084577 -19.342882 -40.000000
-5.841346 -19.127955 -40.000000
-6.609158 -18.876415 -40.000000
-7.384701 -18.586721 -40.000000
-8.164358 -18.257691 -40.000000
-8.944272 -17.888544 -40.000000
-9.720412 -17.478947 -40.000000
-10.488654 -17.029038 -40.000000
-11.244868 -16.539436 -40.000000
-11.985014 -16.011229 -40.000000
-12.705221 -15.445950 -40.000000
-13.401876 -14.845528 -40.000000
-14.071691 -14.212231 -40.000000
-14.711756 -13.548588 -40.000000
-15.319576 -12.857317 -40.000000
-15.893089 -12.141240 -40.000000
-16.430670 -11.403205 -40.000000
-16.931107 -10.646015 -40.000000
-17.393578 -9.872358 -40.000000
-17.817605 -9.084765 -40.000000
-18.203008 -8.285561 -40.000000
-18.549848 -7.476840 -40.000000
-18.858376 -6.660454 -40.000000
-19.128975 -5.838006 -40.000000
-19.362110 -5.010857 -40.000000
-19.558283 -4.180141 -40.000000
-19.717987 -3.346786 -40.000000
-19.841677 -2.511543 -40.000000
-19.929735 -1.675016 -40.000000
-19.982449 -0.837696 -40.000000
-20.000000 -0.000000 -40.000000
-19.982449 0.837696 -40.000000
-19.929735 1.675016 -40.000000
-19.841677 2.511543 -40.000000
-19.717987 3.346786 -40.000000
-19.558283 4.180141 -40.000000
-19.362110 5.010857 -40.000000
-19.128975 5.838006 -40.000000
-18.858376 6.660454 -40.000000
-18.549848 7.476840 -40.000000
-18.203008 8.285561 -40.000000
-17.817605 9.084765 -40.000000
-17.393578 9.872358 -40.000000
-16.931107 10.646015 -40.000000
-16.430670 11.403205 -40.000000
-15.893089 12.141240 -40.000000
-15.319576 12.857317 -40.000000
-14.711756 13.548588 -40.000000
-14.071691 14.212231 -40.000000
-13.401876 14.845528 -40.000000
-12.705221 15.445950 -40.000000
-11.985014 16.011229 -40.000000
-11.244868 16.539436 -40.000000
-10.488654 17.029038 -40.000000
-9.720412 17.478947 -40.000000
-8.944272 17.888544 -40.000000
-8.164358 18.257691 -40.000000
-7.384701 18.586721 -40.000000
-6.609158 18.876415 -40.000000
-5.841346 19.127955 -40.000000
-5.084577 19.342882 -40.000000
-4.341826 19.523026 -40.000000
-3.615698 19.670453 -40.000000
-2.908416 19.787398 -40.000000
-2.221828 19.876204 -40.000000
-1.557410 19.939270 -40.000000
-0.916293 19.978999 -40.000000
-0.299288 19.997761 -40.000000
0.293086 19.997852 -40.000000
0.860563 19.981477 -40.000000
1.403104 19.950722 -40.000000
1.920854 19.907544 -40.000000
2.414121 19.853766 -40.000000
2.883339 19.791068 -40.000000
3.329043 19.720991 -40.000000
3.751849 19.644939 -40.000000
4.152429 19.564185 -40.000000
4.531494 19.479876 -40.000000
4.889780 19.393041 -40.000000
5.228033 19.304602 -40.000000
5.547002 19.215378 -40.000000
5.847425 19.126098 -40.000000
6.130028 19.037404 -40.000000
6.395513 18.949866 -40.000000
6.644560 18.863982 -40.000000
6.877819 18.780192 -40.000000
7.095912 18.698878 -40.000000
7.299426 18.620375 -40.000000
7.488917 18.544976 -40.000000
7.664908 18.472931 -40.000000
7.827885 18.404462 -40.000000
7.978304 18.339756 -40.000000
8.116586 18.278978 -40.000000
8.243120 18.222266 -40.000000
8.358260 18.169741 -40.000000
8.462332 18.121505 -40.000000
8.555628 18.077644 -40.000000
8.638412 18.038233 -40.000000
8.710918 18.003331 -40.000000
8.773348 17.972990 -40.000000
8.825880 17.947252 -40.000000
8.868660 17.926150 -40.000000
8.901810 17.909712 -40.000000
8.925422 17.897956 -40.000000
8.939563 17.890898 -40.000000
8.944272 17.888544 -40.000000
8.939563 17.890898 -40.000000
8.925422 17.897956 -40.000000
8.901810 17.909712 -40.000000
8.868660 17.926150 -40.000000
8.825880 17.947252 -40.000000
8.773348 17.972990 -40.000000
8.710918 18.003331 -40.000000
8.638412 18.038233 -40.000000
8.555628 18.077644 -40.000000
8.462332 18.121505 -40.000000
8.358260 18.169741 -40.000000
8.243120 18.222266 -40.000000
8.116586 18.278978 -40.000000
7.978304 18.339756 -40.000000
7.827885 18.404462 -40.000000
7.664908 18.472931 -40.000000
7.488917 18.544976 -40.000000
7.299426 18.620375 -40.000000
7.095912 18.698878 -40.000000
6.877819 18.780192 -40.000000
6.644560 18.863982 -40.000000
6.395513 18.949866 -40.000000
6.130028 19.037404 -40.000000
5.847425 19.126098 -40.000000
5.547002 19.215378 -40.000000
5.228033 19.304602 -40.000000
4.889780 19.393041 -40.000000
4.531494 19.479876 -40.000000
4.152429 19.564185 -40.000000
3.751849 19.644939 -40.000000
3.329043 19.720991 -40.000000
2.883339 19.791068 -40.000000
2.414121 19.853766 -40.000000
1.920854 19.907544 -40.000000
1.403104 19.950722 -40.000000
0.860563 19.981477 -40.000000
0.293086 19.997852 -40.000000
-0.299288 19.997761 -40.000000
-0.916293 19.978999 -40.000000
-1.557410 19.939270 -40.000000
-2.221828 19.876204 -40.000000
-2.908416 19.787398 -40.000000
-3.615698 19.670453 -40.000000
-4.341826 19.523026 -40.000000
-5.084577 19.342882 -40.000000
-5.841346 19.127955 -40.000000
-6.609158 18.876415 -40.000000
-7.384701 18.586721 -40.000000
-8.164358 18.257691 -40.000000
-8.944272 17.888544 -40.000000
-9.720412 17.478947 -40.000000
-10.488654 17.029038 -40.000000
-11.244868 16.539436 -40.000000
-11.985014 16.011229 -40.000000
-12.705221 15.445950 -40.000000
-13.401876 14.845528 -40.000000
-14.071691 14.212231 -40.000000
-14.711756 13.548588 -40.000000
-15.319576 12.857317 -40.000000
-15.893089 12.141240 -40.000000
-16.430670 11.403205 -40.000000
-16.931107 10.646015 -40.000000
-17.393578 9.872358 -40.000000
-17.817605 9.084765 -40.000000
-18.203008 8.285561 -40.000000
-18.549848 7.476840 -40.000000
-18.858376 6.660454 -40.000000
-19.128975 5.838006 -40.000000
-19.362110 5.010857 -40.000000
-19.558283 4.180141 -40.000000
-19.717987 3.346786 -40.000000
-19.841677 2.511543 -40.000000
-19.929735 1.675016 -40.000000
-19.982449 0.837696 -40.000000
-20.000000 0.000000 -40.000000
-19.982449 -0.837696 -40.000000
-19.929735 -1.675016 -40.000000
-19.841677 -2.511543 -40.000000
-19.717987 -3.346786 -40.000000
-19.558283 -4.180141 -40.000000
-19.362110 -5.010857 -40.000000
-19.128975 -5.838006 -40.000000
-18.858376 -6.660454 -40.000000
-18.549848 -7.476840 -40.000000
-18.203008 -8.285561 -40.000000
-17.817605 -9.084765 -40.000000
-17.393578 -9.872358 -40.000000
-16.931107 -10.646015 -40.000000
-16.430670 -11.403205 -40.000000
-15.893089 -12.141240 -40.000000
-15.319576 -12.857317 -40.000000
-14.711756 -13.548588 -40.000000
-14.071691 -14.212231 -40.000000
-13.401876 -14.845528 -40.000000
-12.705221 -15.445950 -40.000000
-11.985014 -16.011229 -40.000000
-11.244868 -16.539436 -40.000000
-10.488654 -17.029038 -40.000000
-9.720412 -17.478947 -40.000000
-8.944272 -17.888544 -40.000000
-8.164358 -18.257691 -40.000000
-7.384701 -18.586721 -40.000000
-6.609158 -18.876415 -40.000000
-5.841346 -19.127955 -40.000000
-5.084577 -19.342882 -40.000000
-4.341826 -19.523026 -40.000000
-3.615698 -19.670453 -40.000000
-2.908416 -19.787398 -40.000000
-2.221828 -19.876204 -40.000000
-1.557410 -19.939270 -40.000000
-0.916293 -19.978999 -40.000000
-0.299288 -19.997761 -40.000000
0.293086 -19.997852 -40.000000
0.860563 -19.981477 -40.000000
1.403104 -19.950722 -40.000000
1.920854 -19.907544 -40.000000
2.414121 -19.853766 -40.000000
2.883339 -19.791068 -40.000000
3.329043 -19.720991 -40.000000
3.751849 -19.644939 -40.000000
4.152429 -19.564185 -40.000000
4.531494 -19.479876 -40.000000
4.889780 -19.393041 -40.000000
5.228033 -19.304602 -40.000000
5.547002 -19.215378 -40.000000
5.847425 -19.126098 -40.000000
6.130028 -19.037404 -40.000000
6.395513 -18.949866 -40.000000
6.644560 -18.863982 -40.000000
6.877819 -18.780192 -40.000000
7.095912 -18.698878 -40.000000
7.299426 -18.620375 -40.000000
7.488917 -18.544976 -40.000000
7.664908 -18.472931 -40.000000
7.827885 -18.404462 -40.000000
7.978304 -18.339756 -40.000000
8.116586 -18.278978 -40.000000
8.243120 -18.222266 -40.000000
8.358260 -18.169741 -40.000000
8.462332 -18.121505 -40.000000
8.555628 -18.077644 -40.000000
8.638412 -18.038233 -40.000000
8.710918 -18.003331 -40.000000
8.773348 -17.972990 -40.000000
8.825880 -17.947252 -40.000000
8.868660 -17.926150 -40.000000
8.901810 -17.909712 -40.000000
8.925422 -17.897956 -40.000000
8.939563 -17.890898 -40.000000
-14.142136 -14.142136 -40.000000
-14.142136 -14.142136 -40.000000
-14.142136 -14.142136 -40.000000
-14.142136 -14.142136 -40.000000
-14.142136 -14.142136 -40.000000
-14.142136 -14.142136 -40.000000
-14.142136 -14.142136 -40.000000
-14.142136 -14.142136 -40.000000
-14.142136 -14.142136 -40.000000
-14.142136 -14.142136 -40.000000
-14.142136 -14.142136 -40.000000
-14.142136 -14.142136 -40.000000
-14.142136 -14.142136 -40.000000
-14.142136 -14.142136 -40.000000
-14.142136 -14.142136 -40.000000
-14.142136 -14.142136 -40.000000
-14.142136 -14.142136 -40.000000
-14.142136 -14.142136 -40.000000
-14.142136 -14.142136 -40.000000
-14.142136 -14.142136 -40.000000
-14.142136 -14.142136 -40.000000
-14.142136 -14.142136 -40.000000
-14.142136 -14.142136 -40.000000
-14.142136 -14.142136 -40.000000
-14.142136 -14.142136 -40.000000
-14.142136 -14.142136 -40.000000
-14.142136 -14.142136 -40.000000
-14.142136 -14.142136 -40.000000
-14.142136 -14.142136 -40.000000
-14.142136 -14.142136 -40.000000
-14.142136 -14.142136 -40.000000
-14.142136 -14.142136 -40.000000
-14.142136 -14.142136 -40.000000
-14.142136 -14.142136 -40.000000
-14.142136 -14.142136 -40.000000
-14.142136 -14.142136 -40.000000
-14.142136 -14.142136 -40.000000
-14.142136 -14.142136 -40.000000
-14.142136 -14.142136 -40.000000
-14.142136 -14.142136 -40.000000
-14.142136 -14.142136 -40.000000
-14.142136 -14.142136 -40.000000
-14.142136 -14.142136 -40.000000
-14.142136 -14.142136 -40.000000
-14.142136 -14.142136 -40.000000
-14.142136 -14.142136 -40.000000
-14.142136 -14.142136 -40.000000
-14.142136 -14.142136 -40.000000
-14.142136 -14.142136 -40.000000
-14.142136 -14.142136 -40.000000
-14.142136 -14.142136 -40.000000
-14.142136 -14.142136 -40.000000
-14.142136 -14.142136 -40.000000
-14.142136 -14.142136 -40.000000
-14.142136 -14.142136 -40.000000
-14.142136 -14.142136 -40.000000
-14.142136 -14.142136 -40.000000
-14.142136 -14.142136 -40.000000
-14.142136 -14.142136 -40.000000
-14.142136 -14.142136 -40.000000
-14.142136 -14.142136 -40.000000
-14.142136 -14.142136 -40.000000
-14.142136 -14.142136 -40.000000
-14.142136 -14.142136 -40.000000
-14.142136 -14.142136 -40.000000
-14.142136 -14.142136 -40.000000
-14.142136 -14.142136 -40.000000
-14.142136 -14.142136 -40.000000
-14.142136 -14.142136 -40.000000
-14.142136 -14.142136 -40.000000
-14.142136 -14.142136 -40.000000
-14.142136 -14.142136 -40.000000
-14.142136 -14.142136 -40.000000
-14.142136 -14.142136 -40.000000
-14.142136 -14.142136 -40.000000
-14.142136 -14.142136 -40.000000
-14.142136 -14.142136 -40.000000
-14.142136 -14.142136 -40.000000
-14.142136 -14.142136 -40.000000
-14.142136 -14.142136 -40.000000
-14.142136 -14.142136 -40.000000
-14.142136 -14.142136 -40.000000
-14.142136 -14.142136 -40.000000
-14.142136 -14.142136 -40.000000
-14.142136 -14.142136 -40.000000
-14.142136 -14.142136 -40.000000
-14.142136 -14.142136 -40.000000
-14.142136 -14.142136 -40.000000
-14.142136 -14.142136 -40.000000
-14.142136 -14.142136 -40.000000
-14.142136 -14.142136 -40.000000
-14.142136 -14.142136 -40.000000
-14.142136 -14.142136 -40.000000
-14.142136 -14.142136 -40.000000
-14.142136 -14.142136 -40.000000
-14.142136 -14.142136 -40.000000
-14.142136 -14.142136 -40.000000
-14.142136 -14.142136 -40.000000
-14.142136 -14.142136 -40.000000
-14.142136 -14.142136 -40.000000
-14.142136 -14.142136 -40.000000
-14.142136 -14.142136 -40.000000
-14.142136 -14.142136 -40.000000
-14.142136 -14.142136 -40.000000
-14.142136 -14.142136 -40.000000
-14.142136 -14.142136 -40.000000
-14.142136 -14.142136 -40.000000
-14.142136 -14.142136 -40.000000
-14.142136 -14.142136 -40.000000
-14.142136 -14.142136 -40.000000
-14.142136 -14.142136 -40.000000
-14.142136 -14.142136 -40.000000
-14.142136 -14.142136 -40.000000
-14.142136 -14.142136 -40.000000
-14.142136 -14.142136 -40.000000
-14.142136 -14.142136 -40.000000
-14.142136 -14.142136 -40.000000
-14.142136 -14.142136 -40.000000
-14.142136 -14.142136 -40.000000
-14.142136 -14.142136 -40.000000
-14.142136 -14.142136 -40.000000
-14.142136 -14.142136 -40.000000
-14.142136 -14.142136 -40.000000
-14.142136 -14.142136 -40.000000
-14.142136 -14.142136 -40.000000
-14.142136 -14.142136 -40.000000
-14.142136 -14.142136 -40.000000
-14.142136 -14.142136 -40.000000
-14.142136 -14.142136 -40.000000
-14.142136 -14.142136 -40.000000
-14.142136 -14.142136 -40.000000
-14.142136 -14.142136 -40.000000
-14.142136 -14.142136 -40.000000
-14.142136 -14.142136 -40.000000
-14.142136 -14.142136 -40.000000
-14.142136 -14.142136 -40.000000
-14.142136 -14.142136 -40.000000
-14.142136 -14.142136 -40.000000
-14.142136 -14.142136 -40.000000
-14.142136 -14.142136 -40.000000
-14.142136 -14.142136 -40.000000
-14.142136 -14.142136 -40.000000
-14.142136 -14.142136 -40.000000
-14.142136 -14.142136 -40.000000
-14.142136 -14.142136 -40.000000
-14.142136 -14.142136 -40.000000
-14.142136 -14.142136 -40.000000
-14.142136 -14.142136 -40.000000
-14.142136 -14.142136 -40.000000
-14.142136 -14.142136 -40.000000
-14.142136 -14.142136 -40.000000
-14.142136 -14.142136 -40.000000
-14.142136 -14.142136 -40.000000
-14.142136 -14.142136 -40.000000
-14.142136 -14.142136 -40.000000
-14.142136 -14.142136 -40.000000
-14.142136 -14.142136 -40.000000
-14.142136 -14.142136 -40.000000
-14.142136 -14.142136 -40.000000
-14.142136 -14.142136 -40.000000
-14.142136 -14.142136 -40.000000
-14.142136 -14.142136 -40.000000
-14.142136 -14.142136 -40.000000
-14.142136 -14.142136 -40.000000
-14.142136 -14.142136 -40.000000
-14.142136 -14.142136 -40.000000
-14.142136 -14.142136 -40.000000
-14.142136 -14.142136 -40.000000
-14.142136 -14.142136 -40.000000
-14.142136 -14.142136 -40.000000
-14.142136 -14.142136 -40.000000
-14.142136 -14.142136 -40.000000
-14.142136 -14.142136 -40.000000
-14.142136 -14.142136 -40.000000
-14.142136 -14.142136 -40.000000
-14.142136 -14.142136 -40.000000
-14.142136 -14.142136 -40.000000
-14.142136 -14.142136 -40.000000
-14.142136 -14.142136 -40.000000
-14.142136 -14.142136 -40.000000
-14.142136 -14.142136 -40.000000
-14.142136 -14.142136 -40.000000
-14.142136 -14.142136 -40.000000
-14.142136 -14.142136 -40.000000
-14.142136 -14.142136 -40.000000
-14.142136 -14.142136 -40.000000
-14.142136 -14.142136 -40.000000
-14.142136 -14.142136 -40.000000
-14.142136 -14.142136 -40.000000
-14.142136 -14.142136 -40.000000
-14.142136 -14.142136 -40.000000
-14.142136 -14.142136 -40.000000
-14.142136 -14.142136 -40.000000
-14.142136 -14.142136 -40.000000
-14.142136 -14.142136 -40.000000
-14.142136 -14.142136 -40.000000
-14.142136 -14.142136 -40.000000
-14.142136 -14.142136 -40.000000
-14.142136 -14.142136 -40.000000
-14.142136 -14.142136 -40.000000
-14.142136 -14.142136 -40.000000
-14.142136 -14.142136 -40.000000
-14.142136 -14.142136 -40.000000
-14.142136 -14.142136 -40.000000
-14.142136 -14.142136 -40.000000
-14.142136 -14.142136 -40.000000
-14.142136 -14.142136 -40.000000
-14.142136 -14.142136 -40.000000
-14.142136 -14.142136 -40.000000
-14.142136 -14.142136 -40.000000
-14.142136 -14.142136 -40.000000
-14.142136 -14.142136 -40.000000
-14.142136 -14.142136 -40.000000
-14.142136 -14.142136 -40.000000
-14.142136 -14.142136 -40.000000
-14.142136 -14.142136 -40.000000
-14.142136 -14.142136 -40.000000
-14.142136 -14.142136 -40.000000
-14.142136 -14.142136 -40.000000
-14.142136 -14.142136 -40.000000
-14.142136 -14.142136 -40.000000
-14.142136 -14.142136 -40.000000
-14.142136 -14.142136 -40.000000
-14.142136 -14.142136 -40.000000
-14.142136 -14.142136 -40.000000
-14.142136 -14.142136 -40.000000
-14.142136 -14.142136 -40.000000
-14.142136 -14.142136 -40.000000
-14.142136 -14.142136 -40.000000
-14.142136 -14.142136 -40.000000
-14.142136 -14.142136 -40.000000
-14.142136 -14.142136 -40.000000
-14.142136 -14.142136 -40.000000
-14.142136 -14.142136 -40.000000
-14.142136 -14.142136 -40.000000
-14.142136 -14.142136 -40.000000
-14.142136 -14.142136 -40.000000
-14.142136 -14.142136 -40.000000
-14.142136 -14.142136 -40.000000
-14.142136 -14.142136 -40.000000
-14.142136 -14.142136 -40.000000
-14.142136 -14.142136 -40.000000
-14.142136 -14.142136 -40.000000
-14.142136 -14.142136 -40.000000
-14.142136 -14.142136 -40.000000
-14.142136 -14.142136 -40.000000
-14.142136 -14.142136 -40.000000
-14.142136 -14.142136 -40.000000
-14.142136 -14.142136 -40.000000
-14.142136 -14.142136 -40.000000
-14.142136 -14.142136 -40.000000
-14.142136 -14.142136 -40.000000
-14.142136 -14.142136 -40.000000
-14.142136 -14.142136 -40.000000
-14.142136 -14.142136 -40.000000
-14.142136 -14.142136 -40.000000
-14.142136 -14.142136 -40.000000
-14.142136 -14.142136 -40.000000
-14.142136 -14.142136 -40.000000
-14.142136 -14.142136 -40.000000
-14.142136 -14.142136 -40.000000
-14.142136 -14.142136 -40.000000
-14.142136 -14.142136 -40.000000
-14.142136 -14.142136 -40.000000
-14.142136 -14.142136 -40.000000
-14.142136 -14.142136 -40.000000
-14.142136 -14.142136 -40.000000
-14.142136 -14.142136 -40.000000
-14.142136 -14.142136 -40.000000
-14.142136 -14.142136 -40.000000
-14.142136 -14.142136 -40.000000
-14.142136 -14.142136 -40.000000
-14.142136 -14.142136 -40.000000
-14.142136 -14.142136 -40.000000
-14.142136 -14.142136 -40.000000
-14.142136 -14.142136 -40.000000
-14.142136 -14.142136 -40.000000
-14.142136 -14.142136 -40.000000
-14.142136 -14.142136 -40.000000
-14.142136 -14.142136 -40.000000
-14.142136 -14.142136 -40.000000
-14.142136 -14.142136 -40.000000
-14.142136 -14.142136 -40.000000
-14.142136 -14.142136 -40.000000
-14.142136 -14.142136 -40.000000
-14.142136 -14.142136 -40.000000
-14.142136 -14.142136 -40.000000
-14.142136 -14.142136 -40.000000
-14.142136 -14.142136 -40.000000
-14.142136 -14.142136 -40.000000
-14.142136 -14.142136 -40.000000
-14.142136 -14.142136 -40.000000
-14.142136 -14.142136 -40.000000
-14.142136 -14.142136 -40.000000
-14.142136 -14.142136 -40.000000
-14.142136 -14.142136 -40.000000
-14.142136 -14.142136 -40.000000
-14.142136 -14.142136 -40.000000
-14.142136 -14.142136 -40.000000
-14.142136 -14.142136 -40.000000
20.000000 0.000000 -40.000000
20.000000 0.000000 -40.000000
20.000000 0.000000 -40.000000
20.000000 0.000000 -40.000000
20.000000 0.000000 -40.000000
20.000000 0.000000 -40.000000
20.000000 0.000000 -40.000000
20.000000 0.000000 -40.000000
20.000000 0.000000 -40.000000
20.000000 0.000000 -40.000000
20.000000 0.000000 -40.000000
20.000000 0.000000 -40.000000
20.000000 0.000000 -40.000000
20.000000 0.000000 -40.000000
20.000000 0.000000 -40.000000
20.000000 0.000000 -40.000000
20.000000 0.000000 -40.000000
20.000000 0.000000 -40.000000
20.000000 0.000000 -40.000000
20.000000 0.000000 -40.000000
20.000000 0.000000 -40.000000
20.000000 0.000000 -40.000000
20.000000 0.000000 -40.000000
20.000000 0.000000 -40.000000
20.000000 0.000000 -40.000000
20.000000 0.000000 -40.000000
20.000000 0.000000 -40.000000
20.000000 0.000000 -40.000000
20.000000 0.000000 -40.000000
20.000000 0.000000 -40.000000
20.000000 0.000000 -40.000000
20.000000 0.000000 -40.000000
20.000000 0.000000 -40.000000
20.000000 0.000000 -40.000000
20.000000 0.000000 -40.000000
20.000000 0.000000 -40.000000
20.000000 0.000000 -40.000000
20.000000 0.000000 -40.000000
20.000000 0.000000 -40.000000
20.000000 0.000000 -40.000000
20.000000 0.000000 -40.000000
20.000000 0.000000 -40.000000
20.000000 0.000000 -40.000000
20.000000 0.000000 -40.000000
20.000000 0.000000 -40.000000
20.000000 0.000000 -40.000000
20.000000 0.000000 -40.000000
20.000000 0.000000 -40.000000
20.000000 0.000000 -40.000000
20.000000 0.000000 -40.000000
20.000000 0.000000 -40.000000
20.000000 0.000000 -40.000000
20.000000 0.000000 -40.000000
20.000000 0.000000 -40.000000
20.000000 0.000000 -40.000000
20.000000 0.000000 -40.000000
20.000000 0.000000 -40.000000
20.000000 0.000000 -40.000000
20.000000 0.000000 -40.000000
20.000000 0.000000 -40.000000
20.000000 0.000000 -40.000000
20.000000 0.000000 -40.000000
20.000000 0.000000 -40.000000
20.000000 0.000000 -40.000000
20.000000 0.000000 -40.000000
20.000000 0.000000 -40.000000
20.000000 0.000000 -40.000000
20.000000 0.000000 -40.000000
20.000000 0.000000 -40.000000
20.000000 0.000000 -40.000000
20.000000 0.000000 -40.000000
20.000000 0.000000 -40.000000
20.000000 0.000000 -40.000000
20.000000 0.000000 -40.000000
20.000000 0.000000 -40.000000
-20.000000 -0.000000 -40.000000
-20.000000 -0.000000 -40.000000
-20.000000 -0.000000 -40.000000
-20.000000 -0.000000 -40.000000
-20.000000 -0.000000 -40.000000
-20.000000 -0.000000 -40.000000
-20.000000 -0.000000 -40.000000
-20.000000 -0.000000 -40.000000
-20.000000 -0.000000 -40.000000
-20.000000 -0.000000 -40.000000
-20.000000 -0.000000 -40.000000
-20.000000 -0.000000 -40.000000
-20.000000 -0.000000 -40.000000
-20.000000 -0.000000 -40.000000
-20.000000 -0.000000 -40.000000
-20.000000 -0.000000 -40.000000
-20.000000 -0.000000 -40.000000
-20.000000 -0.000000 -40.000000
-20.000000 -0.000000 -40.000000
-20.000000 -0.000000 -40.000000
-20.000000 -0.000000 -40.000000
-20.000000 -0.000000 -40.000000
-20.000000 -0.000000 -40.000000
-20.000000 -0.000000 -40.000000
-20.000000 -0.000000 -40.000000
-20.000000 -0.000000 -40.000000
-20.000000 -0.000000 -40.000000
-20.000000 -0.000000 -40.000000
-20.000000 -0.000000 -40.000000
-20.000000 -0.000000 -40.000000
-20.000000 -0.000000 -40.000000
-20.000000 -0.000000 -40.000000
-20.000000 -0.000000 -40.000000
-20.000000 -0.000000 -40.000000
-20.000000 -0.000000 -40.000000
-20.000000 -0.000000 -40.000000
-20.000000 -0.000000 -40.000000
-20.000000 -0.000000 -40.000000
-20.000000 -0.000000 -40.000000
-20.000000 -0.000000 -40.000000
-20.000000 -0.000000 -40.000000
-20.000000 -0.000000 -40.000000
-20.000000 -0.000000 -40.000000
-20.000000 -0.000000 -40.000000
-20.000000 -0.000000 -40.000000
-20.000000 -0.000000 -40.000000
-20.000000 -0.000000 -40.000000
-20.000000 -0.000000 -40.000000
-20.000000 -0.000000 -40.000000
-20.000000 -0.000000 -40.000000
-20.000000 -0.000000 -40.000000
-20.000000 -0.000000 -40.000000
-20.000000 -0.000000 -40.000000
-20.000000 -0.000000 -40.000000
-20.000000 -0.000000 -40.000000
-20.000000 -0.000000 -40.000000
-20.000000 -0.000000 -40.000000
-20.000000 -0.000000 -40.000000
-20.000000 -0.000000 -40.000000
-20.000000 -0.000000 -40.000000
-20.000000 -0.000000 -40.000000
-20.000000 -0.000000 -40.000000
-20.000000 -0.000000 -40.000000
-20.000000 -0.000000 -40.000000
-20.000000 -0.000000 -40.000000
-20.000000 -0.000000 -40.000000
-20.000000 -0.000000 -40.000000
-20.000000 -0.000000 -40.000000
-20.000000 -0.000000 -40.000000
-20.000000 -0.000000 -40.000000
-20.000000 -0.000000 -40.000000
-20.000000 -0.000000 -40.000000
-20.000000 -0.000000 -40.000000
-20.000000 -0.000000 -40.000000
-20.000000 -0.000000 -40.000000
20.000000 0.000000 -40.000000
20.000000 0.000000 -40.000000
20.000000 0.000000 -40.000000
20.000000 0.000000 -40.000000
20.000000 0.000000 -40.000000
20.000000 0.000000 -40.000000
20.000000 0.000000 -40.000000
20.000000 0.000000 -40.000000
20.000000 0.000000 -40.000000
20.000000 0.000000 -40.000000
20.000000 0.000000 -40.000000
20.000000 0.000000 -40.000000
20.000000 0.000000 -40.000000
20.000000 0.000000 -40.000000
20.000000 0.000000 -40.000000
20.000000 0.000000 -40.000000
20.000000 0.000000 -40.000000
20.000000 0.000000 -40.000000
20.000000 0.000000 -40.000000
20.000000 0.000000 -40.000000
20.000000 0.000000 -40.000000
20.000000 0.000000 -40.000000
20.000000 0.000000 -40.000000
20.000000 0.000000 -40.000000
20.000000 0.000000 -40.000000
20.000000 0.000000 -40.000000
20.000000 0.000000 -40.000000
20.000000 0.000000 -40.000000
20.000000 0.000000 -40.000000
20.000000 0.000000 -40.000000
20.000000 0.000000 -40.000000
20.000000 0.000000 -40.000000
20.000000 0.000000 -40.000000
20.000000 0.000000 -40.000000
20.000000 0.000000 -40.000000
20.000000 0.000000 -40.000000
20.000000 0.000000 -40.000000
20.000000 0.000000 -40.000000
20.000000 0.000000 -40.000000
20.000000 0.000000 -40.000000
20.000000 0.000000 -40.000000
20.000000 0.000000 -40.000000
20.000000 0.000000 -40.000000
20.000000 0.000000 -40.000000
20.000000 0.000000 -40.000000
20.000000 0.000000 -40.000000
20.000000 0.000000 -40.000000
20.000000 0.000000 -40.000000
20.000000 0.000000 -40.000000
20.000000 0.000000 -40.000000
20.000000 0.000000 -40.000000
20.000000 0.000000 -40.000000
20.000000 0.000000 -40.000000
20.000000 0.000000 -40.000000
20.000000 0.000000 -40.000000
20.000000 0.000000 -40.000000
20.000000 0.000000 -40.000000
20.000000 0.000000 -40.000000
20.000000 0.000000 -40.000000
20.000000 0.000000 -40.000000
20.000000 0.000000 -40.000000
20.000000 0.000000 -40.000000
20.000000 0.000000 -40.000000
20.000000 0.000000 -40.000000
20.000000 0.000000 -40.000000
20.000000 0.000000 -40.000000
20.000000 0.000000 -40.000000
20.000000 0.000000 -40.000000
20.000000 0.000000 -40.000000
20.000000 0.000000 -40.000000
20.000000 0.000000 -40.000000
20.000000 0.000000 -40.000000
20.000000 0.000000 -40.000000
20.000000 0.000000 -40.000000
20.000000 0.000000 -40.000000
-20.000000 -0.000000 -40.000000
-20.000000 -0.000000 -40.000000
-20.000000 -0.000000 -40.000000
-20.000000 -0.000000 -40.000000
-20.000000 -0.000000 -40.000000
-20.000000 -0.000000 -40.000000
-20.000000 -0.000000 -40.000000
-20.000000 -0.000000 -40.000000
-20.000000 -0.000000 -40.000000
-20.000000 -0.000000 -40.000000
-20.000000 -0.000000 -40.000000
-20.000000 -0.000000 -40.000000
-20.000000 -0.000000 -40.000000
-20.000000 -0.000000 -40.000000
-20.000000 -0.000000 -40.000000
-20.000000 -0.000000 -40.000000
-20.000000 -0.000000 -40.000000
-20.000000 -0.000000 -40.000000
-20.000000 -0.000000 -40.000000
-20.000000 -0.000000 -40.000000
-20.000000 -0.000000 -40.000000
-20.000000 -0.000000 -40.000000
-20.000000 -0.000000 -40.000000
-20.000000 -0.000000 -40.000000
-20.000000 -0.000000 -40.000000
-20.000000 -0.000000 -40.000000
-20.000000 -0.000000 -40.000000
-20.000000 -0.000000 -40.000000
-20.000000 -0.000000 -40.000000
-20.000000 -0.000000 -40.000000
-20.000000 -0.000000 -40.000000
-20.000000 -0.000000 -40.000000
-20.000000 -0.000000 -40.000000
-20.000000 -0.000000 -40.000000
-20.000000 -0.000000 -40.000000
-20.000000 -0.000000 -40.000000
-20.000000 -0.000000 -40.000000
-20.000000 -0.000000 -40.000000
-20.000000 -0.000000 -40.000000
-20.000000 -0.000000 -40.000000
-20.000000 -0.000000 -40.000000
-20.000000 -0.000000 -40.000000
-20.000000 -0.000000 -40.000000
-20.000000 -0.000000 -40.000000
-20.000000 -0.000000 -40.000000
-20.000000 -0.000000 -40.000000
-20.000000 -0.000000 -40.000000
-20.000000 -0.000000 -40.000000
-20.000000 -0.000000 -40.000000
-20.000000 -0.000000 -40.000000
-20.000000 -0.000000 -40.000000
-20.000000 -0.000000 -40.000000
-20.000000 -0.000000 -40.000000
-20.000000 -0.000000 -40.000000
-20.000000 -0.000000 -40.000000
-20.000000 -0.000000 -40.000000
-20.000000 -0.000000 -40.000000
-20.000000 -0.000000 -40.000000
-20.000000 -0.000000 -40.000000
-20.000000 -0.000000 -40.000000
-20.000000 -0.000000 -40.000000
-20.000000 -0.000000 -40.000000
-20.000000 -0.000000 -40.000000
-20.000000 -0.000000 -40.000000
-20.000000 -0.000000 -40.000000
-20.000000 -0.000000 -40.000000
-20.000000 -0.000000 -40.000000
-20.000000 -0.000000 -40.000000
-20.000000 -0.000000 -40.000000
-20.000000 -0.000000 -40.000000
-20.000000 -0.000000 -40.000000
-20.000000 -0.000000 -40.000000
-20.000000 -0.000000 -40.000000
-20.000000 -0.000000 -40.000000
-20.000000 -0.000000 -40.000000
