# step occurrence times (s)
0.490000
0.990000
1.490000
1.990000
2.490000
2.990000
3.490000
3.990000
4.490000
4.990000
5.490000
5.990000
6.490000
6.990000
7.490000
7.990000
8.490000
8.990000
9.490000
9.990000
10.490000
10.990000
11.490000
11.990000
12.490000
12.990000
13.490000
13.990000
14.490000
14.990000
15.490000
15.990000
16.490000
16.990000
17.490000
17.990000
18.490000
18.990000
19.490000
19.990000
20.740000
21.490000
22.010000
22.510000
23.010000
23.510000
24.010000
24.510000
25.010000
25.510000
26.010000
26.510000
27.010000
27.510000
28.010000
28.510000
29.010000
29.510000
30.010000
30.510000
31.010000
31.510000
32.010000
32.510000
33.010000
33.510000
34.010000
34.510000
35.010000
35.510000
36.010000
36.510000
37.010000
37.510000
38.010000
38.510000
39.010000
39.510000
40.010000
40.510000
41.010000
41.510000
42.260000
43.010000
43.760000
44.270000
44.770000
45.270000
45.770000
46.270000
46.770000
47.270000
47.770000
48.270000
48.770000
49.270000
49.770000
50.270000
50.770000
51.270000
51.770000
52.270000
52.770000
53.270000
53.770000
54.270000
54.770000
55.270000
55.770000
56.270000
56.770000
57.270000
57.770000
58.270000
58.770000
59.270000
59.770000
60.270000
60.770000
61.270000
61.770000
62.270000
62.770000
63.270000
63.770000
64.520000
65.270000
66.010000
66.510000
67.010000
67.510000
68.010000
68.510000
69.010000
69.510000
70.010000
70.510000
71.010000
71.510000
72.010000
72.510000
73.010000
73.510000
74.010000
74.510000
75.010000
75.510000
76.010000
76.510000
77.010000
77.510000
78.010000
78.510000
79.010000
79.510000
80.010000
80.510000
81.010000
81.510000
82.010000
82.510000
83.010000
83.510000
84.010000
84.510000
85.010000
85.510000
86.260000
87.010000
87.760000
