# AOA angles from 4 beacons (rad)
-1.826814 -2.214884 -2.496629 -2.591750
-1.567903 -2.058161 -2.376345 -2.585798
-1.363710 -1.792585 -2.263102 -2.505837
-1.150061 -1.634978 -2.122101 -2.388069
-0.980236 -1.483655 -1.928494 -2.298125
-0.854206 -1.203794 -1.683976 -2.111628
-0.728065 -1.037750 -1.463553 -1.980501
-0.695379 -0.875678 -1.290636 -1.762408
-0.630078 -0.817871 -1.119985 -1.529071
-0.552308 -0.686575 -0.897963 -1.386113
-1.881032 -2.282102 -2.593348 -2.759095
-1.628827 -2.199339 -2.507388 -2.718754
-1.224105 -1.930664 -2.408278 -2.678730
-1.084525 -1.713683 -2.272755 -2.535897
-0.908440 -1.319790 -2.034138 -2.377729
-0.750476 -1.178908 -1.792114 -2.252443
-0.584054 -0.912329 -1.410453 -2.056209
-0.575928 -0.799088 -1.174006 -1.829549
-0.472594 -0.677246 -1.017142 -1.565751
-0.399441 -0.509915 -0.808971 -1.284091
-1.928136 -2.533828 -2.733400 -2.885279
-1.657840 -2.349040 -2.676649 -2.796112
-1.275017 -2.086494 -2.525921 -2.678929
-0.935609 -1.728985 -2.372476 -2.687126
-0.704696 -1.329214 -2.074106 -2.513706
-0.540592 -0.978559 -1.854536 -2.442308
-0.563445 -0.769280 -1.415745 -2.203965
-0.404462 -0.640502 -1.079628 -1.862091
-0.359123 -0.493229 -0.835378 -1.486295
-0.362272 -0.420561 -0.678460 -1.166034
-2.203406 -2.683040 -2.859740 -3.033352
-1.709146 -2.526756 -2.815114 -2.897226
-1.047872 -2.318068 -2.735870 -2.856714
-0.674342 -1.769386 -2.592539 -2.813709
-0.435175 -1.231935 -2.439864 -2.828154
-0.385802 -0.729384 -1.941085 -2.655880
-0.312243 -0.500954 -1.335097 -2.470955
-0.259923 -0.385436 -0.790828 -2.052526
-0.227313 -0.285570 -0.503250 -1.535902
-0.206858 -0.297944 -0.441063 -0.912359
-2.734939 -2.955608 -3.039554 -3.082763
-1.804149 -2.934999 -3.022945 -3.098083
-0.552729 -2.780684 -3.018736 -3.066617
-0.252815 -2.164269 -2.950176 -3.019113
-0.159396 -0.684733 -2.827247 -3.024044
-0.153438 -0.350946 -2.570333 -2.988373
-0.105212 -0.160617 -0.915265 -2.857661
-0.035899 -0.152514 -0.297980 -2.617857
-0.050348 -0.126497 -0.167430 -1.409393
-0.056307 -0.123860 -0.122405 -0.395093
2.687336 2.951074 3.021912 3.075718
1.834919 2.940658 2.983354 3.066620
0.531833 2.708700 2.964162 3.046436
0.217933 2.222990 3.016946 2.981729
0.152031 0.719228 2.821187 2.991047
0.078626 0.314079 2.438696 2.924629
0.080576 0.204667 0.908674 2.866621
0.074064 0.127075 0.342141 2.583582
0.067643 0.129166 0.147084 1.331556
0.033071 0.094848 0.189403 0.406922
2.231125 2.705122 2.791464 2.980767
1.667471 2.572450 2.856483 2.948597
1.027894 2.323707 2.740674 2.924847
0.713591 1.807221 2.586464 2.841106
0.505380 1.139874 2.395751 2.764905
0.289721 0.693177 1.933373 2.711710
0.291948 0.528855 1.331337 2.494001
0.253436 0.424833 0.891597 2.116893
0.254471 0.281477 0.593162 1.509982
0.191140 0.241188 0.373549 0.986002
2.007508 2.506152 2.677897 2.832408
1.582971 2.325286 2.619997 2.749177
1.235480 2.044142 2.500015 2.751301
0.920241 1.699514 2.389407 2.650150
0.765931 1.285253 2.073286 2.503636
0.533599 0.981163 1.789494 2.394630
0.470595 0.765588 1.434664 2.325260
0.412045 0.604238 1.079702 1.922305
0.377779 0.448701 0.796829 1.500422
0.306967 0.410511 0.633939 1.146966
1.866738 2.250689 2.525513 2.694290
1.623211 2.113391 2.507384 2.674279
1.288250 1.918889 2.387596 2.623701
1.067890 1.647268 2.218459 2.498975
0.898775 1.434764 2.062971 2.417806
0.751725 1.178025 1.757606 2.246051
0.582094 0.902438 1.511902 2.045710
0.536042 0.720218 1.187532 1.789868
0.434536 0.686372 0.960204 1.485640
0.369206 0.568155 0.793015 1.242945
1.820005 2.218862 2.495606 2.620377
1.624965 2.069643 2.326789 2.612375
1.400380 1.879206 2.259948 2.502262
1.217461 1.661016 2.081405 2.413108
1.036267 1.457175 1.920893 2.255096
0.863714 1.309609 1.660725 2.190704
0.784942 1.020229 1.485552 1.928169
0.621770 0.900593 1.320293 1.860904
0.565310 0.722897 1.031292 1.565828
0.574270 0.692004 0.961282 1.369170
