# GDOP for TDOA
13.478779
9.419627
7.044358
5.761716
5.185018
5.104877
5.496242
6.522922
8.525830
12.038347
12.979866
8.117202
5.541073
4.299860
3.812428
3.748056
4.061412
5.018741
7.138306
11.268468
14.114403
7.394225
4.345791
3.111365
2.770831
2.743369
2.918740
3.806369
6.232586
11.807016
21.082071
8.040761
3.634683
2.182282
2.069779
2.147986
2.043574
2.999252
6.370327
16.871023
111.018215
18.400430
5.495730
1.833657
2.189097
2.703565
1.613249
4.142486
13.559058
85.552129
111.018215
18.400430
5.495730
1.833657
2.189097
2.703565
1.613249
4.142486
13.559058
85.552129
21.082071
8.040761
3.634683
2.182282
2.069779
2.147986
2.043574
2.999252
6.370327
16.871023
14.114403
7.394225
4.345791
3.111365
2.770831
2.743369
2.918740
3.806369
6.232586
11.807016
12.979866
8.117202
5.541073
4.299860
3.812428
3.748056
4.061412
5.018741
7.138306
11.268468
13.478779
9.419627
7.044358
5.761716
5.185018
5.104877
5.496242
6.522922
8.525830
12.038347
