# GDOP for TOA
1.765605
1.524199
1.367414
1.275865
1.233912
1.233912
1.275865
1.367414
1.524199
1.765605
1.697353
1.408814
1.239249
1.149007
1.109244
1.109244
1.149007
1.239249
1.408814
1.697353
1.688628
1.312696
1.135574
1.056805
1.021823
1.021823
1.056805
1.135574
1.312696
1.688628
1.860551
1.242966
1.098185
1.043118
1.015731
1.015731
1.043118
1.098185
1.242966
1.860551
3.602541
1.235299
1.695226
1.355997
1.509667
1.509667
1.355997
1.695226
1.235299
3.602541
3.602541
1.235299
1.695226
1.355997
1.509667
1.509667
1.355997
1.695226
1.235299
3.602541
1.860551
1.242966
1.098185
1.043118
1.015731
1.015731
1.043118
1.098185
1.242966
1.860551
1.688628
1.312696
1.135574
1.056805
1.021823
1.021823
1.056805
1.135574
1.312696
1.688628
1.697353
1.408814
1.239249
1.149007
1.109244
1.109244
1.149007
1.239249
1.408814
1.697353
1.765605
1.524199
1.367414
1.275865
1.233912
1.233912
1.275865
1.367414
1.524199
1.765605
