# GDOP for AOA
19.098663
15.460987
13.349344
12.235752
11.749730
11.749730
12.235752
13.349344
15.460987
19.098663
15.485954
11.768584
9.912269
9.097623
8.743174
8.743174
9.097623
9.912269
11.768584
15.485954
12.584852
8.495963
6.927231
6.535293
6.287098
6.287098
6.535293
6.927231
8.495963
12.584852
11.125334
5.748936
4.425606
4.474437
4.281529
4.281529
4.474437
4.425606
5.748936
11.125334
18.243835
4.129109
4.003045
3.417930
3.732064
3.732064
3.417930
4.003045
4.129109
18.243835
18.243835
4.129109
4.003045
3.417930
3.732064
3.732064
3.417930
4.003045
4.129109
18.243835
11.125334
5.748936
4.425606
4.474437
4.281529
4.281529
4.474437
4.425606
5.748936
11.125334
12.584852
8.495963
6.927231
6.535293
6.287098
6.287098
6.535293
6.927231
8.495963
12.584852
15.485954
11.768584
9.912269
9.097623
8.743174
8.743174
9.097623
9.912269
11.768584
15.485954
19.098663
15.460987
13.349344
12.235752
11.749730
11.749730
12.235752
13.349344
15.460987
19.098663
