# TDOA range differences relative to beacon 0 (m)
-1.948892 -4.690255 -7.865520
-1.128680 -3.431959 -6.700428
-0.162062 -2.086446 -4.965126
0.554921 -0.677411 -3.062811
1.484437 0.994469 -1.035060
2.148511 2.312231 1.030484
2.405339 3.653479 3.035925
2.817217 4.754801 4.968226
3.093376 5.553817 6.435806
3.392019 6.031154 7.857760
-2.100880 -5.294975 -8.761426
-1.257646 -3.938687 -7.607597
-0.240088 -2.460532 -5.544011
0.786922 -0.612344 -3.594441
1.681719 1.073649 -1.327146
2.418701 2.896804 1.275242
3.021804 4.433085 3.569053
3.181388 5.433926 5.889828
3.412762 6.259782 7.283704
3.494251 6.643834 8.884970
-2.584036 -6.046639 -9.563075
-1.745691 -5.111284 -8.571492
-0.473191 -2.935911 -6.351438
1.023774 -0.902271 -4.321759
2.197310 1.472404 -1.497096
2.923611 3.664949 1.250482
3.270183 5.260915 4.331419
3.368956 6.364815 6.609092
3.833064 6.918848 8.638024
3.820447 7.403802 9.887900
-3.229294 -7.137772 -10.985486
-2.524237 -6.027045 -9.774749
-0.506866 -3.860136 -7.778621
1.437787 -1.085858 -4.714459
3.036480 1.787661 -1.611278
3.314220 4.267110 1.627501
3.674847 6.338588 4.880950
3.571754 7.094154 7.767229
3.806465 7.367872 9.745026
3.719165 7.778630 10.857872
-3.911130 -7.998479 -11.732833
-3.382510 -7.246261 -11.422823
-0.838751 -4.520122 -8.579989
2.224512 -1.300118 -5.002547
3.679760 2.231840 -1.649641
3.773945 5.659470 1.847688
3.805467 7.571288 5.272263
3.887973 8.014735 8.671454
3.939516 7.984961 11.181681
3.970839 7.937366 11.823637
-3.885561 -7.881502 -11.914908
-3.324588 -7.369850 -11.403549
-0.675813 -4.589050 -8.715840
2.254959 -1.277207 -5.101203
3.789079 1.987785 -1.706629
3.977254 5.419653 1.781697
3.917498 7.604231 5.289206
4.231676 7.840630 8.496905
4.189641 7.956924 11.304525
3.878388 8.021430 11.871495
-3.240731 -7.186682 -11.079938
-2.282978 -5.729674 -9.791821
-0.451226 -3.737333 -7.738170
1.423649 -1.197605 -4.819008
2.853901 1.898179 -1.623431
3.353268 4.488502 1.734868
3.737590 6.324737 4.853771
3.923888 7.059918 7.506303
3.764398 7.720802 10.012356
3.965946 7.719879 10.740011
-2.591880 -6.049182 -9.924169
-1.655398 -4.892134 -8.575517
-0.263942 -3.013680 -6.539361
0.936969 -0.920800 -4.162547
2.219314 1.358453 -1.473065
2.630053 3.656528 1.581084
3.485887 5.249217 4.359639
3.473367 6.369293 6.645053
3.652830 6.883347 8.485875
3.751661 7.032542 9.618963
-2.217425 -5.213134 -8.660199
-1.188399 -4.152619 -7.574953
-0.293983 -2.672046 -5.736692
0.853942 -0.582599 -3.798225
1.708421 1.199714 -1.230033
2.509374 2.983444 1.319274
2.718857 4.456323 3.657899
3.212442 5.372010 5.732711
3.426016 6.257070 7.388750
3.616226 6.714040 8.847892
-1.764762 -4.524765 -7.801622
-1.008730 -3.401826 -6.642024
-0.210076 -2.150375 -5.040083
0.642543 -0.595426 -3.023317
1.497113 1.055451 -1.159451
2.095435 2.356342 1.043565
2.517540 3.912213 3.082224
2.771948 4.768177 4.847120
3.178965 5.567980 6.615579
3.336303 6.058910 8.000934
