# ranges to 4 beacons (m)
8.276683 9.896002 12.881294 16.218572
8.080865 9.052440 11.584644 14.654376
8.272086 8.349672 10.229989 13.121018
8.585289 8.089328 9.374527 11.783143
9.505006 8.098661 8.592769 10.579669
10.493422 8.478112 8.226286 9.406754
11.759665 9.215394 8.113527 8.647536
13.172085 10.335381 8.334190 8.195509
14.655700 11.516573 9.112375 7.993237
16.033968 12.768432 10.129923 8.210585
6.579194 8.667618 11.718363 15.175840
6.244117 7.541522 10.447126 13.798421
6.477235 6.662937 8.810984 12.055846
7.085607 6.176540 7.736242 10.607772
8.046920 6.497443 6.873183 9.381207
9.192640 6.953312 6.359145 8.036634
10.826890 7.793777 6.245971 7.087418
12.034957 8.821248 6.850252 6.586086
13.714398 10.294863 7.553279 6.366937
15.287033 11.869368 8.511205 6.538815
4.851328 7.491049 10.960833 14.580097
4.390926 6.161833 9.467137 12.932314
4.533032 4.925612 8.041331 11.222007
5.456870 4.469639 6.522178 9.783302
6.820376 4.682500 5.316370 8.233339
8.236748 5.224521 4.469987 6.892337
9.766197 6.449691 4.464949 5.545207
11.313558 7.652734 5.105116 4.881539
13.063488 9.519783 6.248014 4.493905
14.570706 11.021410 7.447734 4.990839
3.484456 6.629659 10.279557 14.150334
2.706347 5.001027 8.685234 12.671370
3.030115 3.698892 7.081227 10.802784
4.162896 2.736236 5.522984 8.993288
5.820355 3.121654 3.910996 7.186657
7.307595 3.975476 2.941308 5.792570
9.143660 5.397760 2.801744 4.198282
10.862448 6.775074 3.487868 2.938991
12.502835 8.779203 5.003036 2.592170
14.290988 10.245395 6.613375 3.320225
2.169711 6.098352 10.075621 14.160256
0.951123 4.509876 8.477829 12.261441
1.632656 2.393746 6.393720 10.436334
3.468349 1.173028 4.716643 8.818517
5.182152 1.405876 2.944601 6.989030
7.039555 2.839408 1.389356 4.988749
8.954173 4.794057 1.055154 3.496325
10.413364 6.595240 2.763938 1.694598
12.280326 8.426602 4.278598 0.822133
13.949534 9.870782 5.982863 2.213402
2.227139 6.121140 10.069070 14.231698
0.949675 4.319889 8.193577 12.344521
1.817816 2.511075 6.524443 10.336719
3.342603 1.182551 4.950298 8.594470
5.059723 1.380556 2.970490 7.027260
7.000113 3.098842 1.467726 5.019270
8.783513 4.774733 1.049713 3.594934
10.618466 6.401400 2.359766 1.952707
12.312459 8.322581 4.165335 0.986165
13.989144 10.224211 6.048069 2.355424
3.164137 6.564149 10.259207 14.217471
2.703147 4.922436 8.512162 12.593330
3.212382 3.565383 6.930839 10.731586
4.043572 2.666067 5.296597 8.835611
5.869860 2.791293 3.840455 7.442864
7.265420 3.775165 2.957464 5.729848
9.095906 5.451570 2.634721 4.156796
10.860197 6.812393 3.392789 3.187384
12.472578 8.554532 4.994968 2.645983
14.295960 10.474416 6.629442 3.407335
5.046613 7.602721 10.968697 14.823598
4.442024 6.310029 9.435973 13.006367
4.759927 5.111443 7.649736 11.338481
5.593484 4.622899 6.554442 9.726602
6.710416 4.612374 5.260628 8.222573
8.201074 5.303919 4.569467 6.894641
9.707199 6.587193 4.677905 5.521962
11.435878 7.757680 5.169216 4.672621
12.811525 9.413209 6.032071 4.305767
14.683877 10.971062 7.366010 4.946142
6.558308 8.738610 11.666667 15.203248
6.170416 7.478683 10.315065 13.683736
6.398976 6.843987 8.895843 12.363434
6.996619 6.356575 7.893529 10.812611
8.035682 6.508868 6.843183 9.324312
9.341887 6.745069 6.311862 8.146327
10.702565 7.484718 6.296123 6.693994
12.381696 8.957872 6.725963 6.575407
13.807346 10.314668 7.491242 6.215571
15.364827 11.824115 8.490773 6.558700
8.333267 10.147927 12.985685 16.255996
7.930157 9.004389 11.535311 14.607925
8.099757 8.199615 10.168317 13.054127
8.728280 7.816934 9.225186 11.576516
9.440546 8.076653 8.604240 10.501533
10.471389 8.451860 8.131051 9.397775
11.809522 9.302747 8.039565 8.711139
13.201734 10.417334 8.357389 8.130143
14.548967 11.615450 9.070212 7.987961
16.096845 12.746640 10.000851 8.325704
