# x (m), y (m)
18.218681 8.166353
20.757938 15.921041
-2.174680 24.268671
17.834191 18.581929
-1.156591 8.511578
6.123941 22.802950
14.315954 19.682848
8.302426 1.817162
11.637544 -3.085482
19.828935 13.949932
17.742632 5.635779
24.120941 21.793634
18.351505 0.839161
9.001630 -3.685887
-0.371315 15.491469
17.342865 24.025292
4.774761 6.113791
9.086674 0.684141
-1.102355 9.271148
1.807280 15.094420
8.114558 19.980346
16.007953 4.370999
19.967794 19.142931
6.624351 3.649843
15.474865 -0.807425
0.997246 -4.779132
18.607731 14.945526
16.154961 18.421871
8.767473 12.062236
-0.806090 -1.564098
15.052089 9.132886
11.957083 17.949966
14.041550 11.607382
11.776215 4.118503
-4.075465 8.101522
1.437540 7.255859
20.602092 2.018185
-3.250918 3.441517
3.807813 14.857495
11.710965 18.516946
14.929406 7.191606
19.420612 0.009188
-4.318638 -2.298564
16.670781 8.856317
-0.161847 10.031343
-0.430637 15.889611
8.384688 6.430637
4.045363 13.908478
5.854378 -2.370502
-1.459823 23.856930
