# x (m), y (m), yaw (rad) - with cumulative drift
0.000000 0.000000 0.000000
2.091415 -0.311995 0.037523
4.393935 -0.811281 -0.027586
6.428895 -0.962341 -0.028426
8.179776 -0.748200 0.010463
10.195936 -0.388913 0.033839
11.933408 -0.219409 -0.014106
14.196507 -0.266312 -0.023349
16.000301 0.058426 -0.031075
17.867617 -0.105310 -0.004460
19.977782 0.009100 1.587878
20.054553 2.653291 1.562266
19.884745 4.410672 1.618714
20.042341 6.386304 1.577490
19.804675 8.579940 1.604648
19.674134 10.376899 1.610482
19.330958 12.430507 1.621662
19.198667 14.630300 1.636118
19.491969 16.843552 1.620134
19.591723 18.709630 1.606377
19.764207 21.165803 -3.057598
18.265910 21.140478 -3.049460
16.118902 20.727831 -3.009793
14.221730 20.616245 -2.966894
12.242171 20.655478 -3.023558
10.547567 20.304329 -3.016437
8.341685 20.155987 -3.008510
6.161038 19.957687 -2.985671
4.364556 19.785539 -3.004758
2.758577 19.416934 -3.028228
0.784005 19.046968 -1.435106
1.052284 16.863574 -1.456270
0.775218 14.842589 -1.528626
0.543897 13.228211 -1.508637
0.538031 11.496146 -1.443676
0.997507 9.646351 -1.490357
0.869175 7.691348 -1.507308
0.494908 5.410916 -1.485587
0.493591 3.331941 -1.557890
0.360847 1.308420 -1.546256
0.890472 -0.685740 0.012572
