# time (s)
0.000000
0.010000
0.020000
0.030000
0.040000
0.050000
0.060000
0.070000
0.080000
0.090000
0.100000
0.110000
0.120000
0.130000
0.140000
0.150000
0.160000
0.170000
0.180000
0.190000
0.200000
0.210000
0.220000
0.230000
0.240000
0.250000
0.260000
0.270000
0.280000
0.290000
0.300000
0.310000
0.320000
0.330000
0.340000
0.350000
0.360000
0.370000
0.380000
0.390000
0.400000
0.410000
0.420000
0.430000
0.440000
0.450000
0.460000
0.470000
0.480000
0.490000
0.500000
0.510000
0.520000
0.530000
0.540000
0.550000
0.560000
0.570000
0.580000
0.590000
0.600000
0.610000
0.620000
0.630000
0.640000
0.650000
0.660000
0.670000
0.680000
0.690000
0.700000
0.710000
0.720000
0.730000
0.740000
0.750000
0.760000
0.770000
0.780000
0.790000
0.800000
0.810000
0.820000
0.830000
0.840000
0.850000
0.860000
0.870000
0.880000
0.890000
0.900000
0.910000
0.920000
0.930000
0.940000
0.950000
0.960000
0.970000
0.980000
0.990000
1.000000
1.010000
1.020000
1.030000
1.040000
1.050000
1.060000
1.070000
1.080000
1.090000
1.100000
1.110000
1.120000
1.130000
1.140000
1.150000
1.160000
1.170000
1.180000
1.190000
1.200000
1.210000
1.220000
1.230000
1.240000
1.250000
1.260000
1.270000
1.280000
1.290000
1.300000
1.310000
1.320000
1.330000
1.340000
1.350000
1.360000
1.370000
1.380000
1.390000
1.400000
1.410000
1.420000
1.430000
1.440000
1.450000
1.460000
1.470000
1.480000
1.490000
1.500000
1.510000
1.520000
1.530000
1.540000
1.550000
1.560000
1.570000
1.580000
1.590000
1.600000
1.610000
1.620000
1.630000
1.640000
1.650000
1.660000
1.670000
1.680000
1.690000
1.700000
1.710000
1.720000
1.730000
1.740000
1.750000
1.760000
1.770000
1.780000
1.790000
1.800000
1.810000
1.820000
1.830000
1.840000
1.850000
1.860000
1.870000
1.880000
1.890000
1.900000
1.910000
1.920000
1.930000
1.940000
1.950000
1.960000
1.970000
1.980000
1.990000
2.000000
2.010000
2.020000
2.030000
2.040000
2.050000
2.060000
2.070000
2.080000
2.090000
2.100000
2.110000
2.120000
2.130000
2.140000
2.150000
2.160000
2.170000
2.180000
2.190000
2.200000
2.210000
2.220000
2.230000
2.240000
2.250000
2.260000
2.270000
2.280000
2.290000
2.300000
2.310000
2.320000
2.330000
2.340000
2.350000
2.360000
2.370000
2.380000
2.390000
2.400000
2.410000
2.420000
2.430000
2.440000
2.450000
2.460000
2.470000
2.480000
2.490000
2.500000
2.510000
2.520000
2.530000
2.540000
2.550000
2.560000
2.570000
2.580000
2.590000
2.600000
2.610000
2.620000
2.630000
2.640000
2.650000
2.660000
2.670000
2.680000
2.690000
2.700000
2.710000
2.720000
2.730000
2.740000
2.750000
2.760000
2.770000
2.780000
2.790000
2.800000
2.810000
2.820000
2.830000
2.840000
2.850000
2.860000
2.870000
2.880000
2.890000
2.900000
2.910000
2.920000
2.930000
2.940000
2.950000
2.960000
2.970000
2.980000
2.990000
3.000000
3.010000
3.020000
3.030000
3.040000
3.050000
3.060000
3.070000
3.080000
3.090000
3.100000
3.110000
3.120000
3.130000
3.140000
3.150000
3.160000
3.170000
3.180000
3.190000
3.200000
3.210000
3.220000
3.230000
3.240000
3.250000
3.260000
3.270000
3.280000
3.290000
3.300000
3.310000
3.320000
3.330000
3.340000
3.350000
3.360000
3.370000
3.380000
3.390000
3.400000
3.410000
3.420000
3.430000
3.440000
3.450000
3.460000
3.470000
3.480000
3.490000
3.500000
3.510000
3.520000
3.530000
3.540000
3.550000
3.560000
3.570000
3.580000
3.590000
3.600000
3.610000
3.620000
3.630000
3.640000
3.650000
3.660000
3.670000
3.680000
3.690000
3.700000
3.710000
3.720000
3.730000
3.740000
3.750000
3.760000
3.770000
3.780000
3.790000
3.800000
3.810000
3.820000
3.830000
3.840000
3.850000
3.860000
3.870000
3.880000
3.890000
3.900000
3.910000
3.920000
3.930000
3.940000
3.950000
3.960000
3.970000
3.980000
3.990000
4.000000
4.010000
4.020000
4.030000
4.040000
4.050000
4.060000
4.070000
4.080000
4.090000
4.100000
4.110000
4.120000
4.130000
4.140000
4.150000
4.160000
4.170000
4.180000
4.190000
4.200000
4.210000
4.220000
4.230000
4.240000
4.250000
4.260000
4.270000
4.280000
4.290000
4.300000
4.310000
4.320000
4.330000
4.340000
4.350000
4.360000
4.370000
4.380000
4.390000
4.400000
4.410000
4.420000
4.430000
4.440000
4.450000
4.460000
4.470000
4.480000
4.490000
4.500000
4.510000
4.520000
4.530000
4.540000
4.550000
4.560000
4.570000
4.580000
4.590000
4.600000
4.610000
4.620000
4.630000
4.640000
4.650000
4.660000
4.670000
4.680000
4.690000
4.700000
4.710000
4.720000
4.730000
4.740000
4.750000
4.760000
4.770000
4.780000
4.790000
4.800000
4.810000
4.820000
4.830000
4.840000
4.850000
4.860000
4.870000
4.880000
4.890000
4.900000
4.910000
4.920000
4.930000
4.940000
4.950000
4.960000
4.970000
4.980000
4.990000
5.000000
5.010000
5.020000
5.030000
5.040000
5.050000
5.060000
5.070000
5.080000
5.090000
5.100000
5.110000
5.120000
5.130000
5.140000
5.150000
5.160000
5.170000
5.180000
5.190000
5.200000
5.210000
5.220000
5.230000
5.240000
5.250000
5.260000
5.270000
5.280000
5.290000
5.300000
5.310000
5.320000
5.330000
5.340000
5.350000
5.360000
5.370000
5.380000
5.390000
5.400000
5.410000
5.420000
5.430000
5.440000
5.450000
5.460000
5.470000
5.480000
5.490000
5.500000
5.510000
5.520000
5.530000
5.540000
5.550000
5.560000
5.570000
5.580000
5.590000
5.600000
5.610000
5.620000
5.630000
5.640000
5.650000
5.660000
5.670000
5.680000
5.690000
5.700000
5.710000
5.720000
5.730000
5.740000
5.750000
5.760000
5.770000
5.780000
5.790000
5.800000
5.810000
5.820000
5.830000
5.840000
5.850000
5.860000
5.870000
5.880000
5.890000
5.900000
5.910000
5.920000
5.930000
5.940000
5.950000
5.960000
5.970000
5.980000
5.990000
6.000000
6.010000
6.020000
6.030000
6.040000
6.050000
6.060000
6.070000
6.080000
6.090000
6.100000
6.110000
6.120000
6.130000
6.140000
6.150000
6.160000
6.170000
6.180000
6.190000
6.200000
6.210000
6.220000
6.230000
6.240000
6.250000
6.260000
6.270000
6.280000
6.290000
6.300000
6.310000
6.320000
6.330000
6.340000
6.350000
6.360000
6.370000
6.380000
6.390000
6.400000
6.410000
6.420000
6.430000
6.440000
6.450000
6.460000
6.470000
6.480000
6.490000
6.500000
6.510000
6.520000
6.530000
6.540000
6.550000
6.560000
6.570000
6.580000
6.590000
6.600000
6.610000
6.620000
6.630000
6.640000
6.650000
6.660000
6.670000
6.680000
6.690000
6.700000
6.710000
6.720000
6.730000
6.740000
6.750000
6.760000
6.770000
6.780000
6.790000
6.800000
6.810000
6.820000
6.830000
6.840000
6.850000
6.860000
6.870000
6.880000
6.890000
6.900000
6.910000
6.920000
6.930000
6.940000
6.950000
6.960000
6.970000
6.980000
6.990000
7.000000
7.010000
7.020000
7.030000
7.040000
7.050000
7.060000
7.070000
7.080000
7.090000
7.100000
7.110000
7.120000
7.130000
7.140000
7.150000
7.160000
7.170000
7.180000
7.190000
7.200000
7.210000
7.220000
7.230000
7.240000
7.250000
7.260000
7.270000
7.280000
7.290000
7.300000
7.310000
7.320000
7.330000
7.340000
7.350000
7.360000
7.370000
7.380000
7.390000
7.400000
7.410000
7.420000
7.430000
7.440000
7.450000
7.460000
7.470000
7.480000
7.490000
7.500000
7.510000
7.520000
7.530000
7.540000
7.550000
7.560000
7.570000
7.580000
7.590000
7.600000
7.610000
7.620000
7.630000
7.640000
7.650000
7.660000
7.670000
7.680000
7.690000
7.700000
7.710000
7.720000
7.730000
7.740000
7.750000
7.760000
7.770000
7.780000
7.790000
7.800000
7.810000
7.820000
7.830000
7.840000
7.850000
7.860000
7.870000
7.880000
7.890000
7.900000
7.910000
7.920000
7.930000
7.940000
7.950000
7.960000
7.970000
7.980000
7.990000
8.000000
8.010000
8.020000
8.030000
8.040000
8.050000
8.060000
8.070000
8.080000
8.090000
8.100000
8.110000
8.120000
8.130000
8.140000
8.150000
8.160000
8.170000
8.180000
8.190000
8.200000
8.210000
8.220000
8.230000
8.240000
8.250000
8.260000
8.270000
8.280000
8.290000
8.300000
8.310000
8.320000
8.330000
8.340000
8.350000
8.360000
8.370000
8.380000
8.390000
8.400000
8.410000
8.420000
8.430000
8.440000
8.450000
8.460000
8.470000
8.480000
8.490000
8.500000
8.510000
8.520000
8.530000
8.540000
8.550000
8.560000
8.570000
8.580000
8.590000
8.600000
8.610000
8.620000
8.630000
8.640000
8.650000
8.660000
8.670000
8.680000
8.690000
8.700000
8.710000
8.720000
8.730000
8.740000
8.750000
8.760000
8.770000
8.780000
8.790000
8.800000
8.810000
8.820000
8.830000
8.840000
8.850000
8.860000
8.870000
8.880000
8.890000
8.900000
8.910000
8.920000
8.930000
8.940000
8.950000
8.960000
8.970000
8.980000
8.990000
9.000000
9.010000
9.020000
9.030000
9.040000
9.050000
9.060000
9.070000
9.080000
9.090000
9.100000
9.110000
9.120000
9.130000
9.140000
9.150000
9.160000
9.170000
9.180000
9.190000
9.200000
9.210000
9.220000
9.230000
9.240000
9.250000
9.260000
9.270000
9.280000
9.290000
9.300000
9.310000
9.320000
9.330000
9.340000
9.350000
9.360000
9.370000
9.380000
9.390000
9.400000
9.410000
9.420000
9.430000
9.440000
9.450000
9.460000
9.470000
9.480000
9.490000
9.500000
9.510000
9.520000
9.530000
9.540000
9.550000
9.560000
9.570000
9.580000
9.590000
9.600000
9.610000
9.620000
9.630000
9.640000
9.650000
9.660000
9.670000
9.680000
9.690000
9.700000
9.710000
9.720000
9.730000
9.740000
9.750000
9.760000
9.770000
9.780000
9.790000
9.800000
9.810000
9.820000
9.830000
9.840000
9.850000
9.860000
9.870000
9.880000
9.890000
9.900000
9.910000
9.920000
9.930000
9.940000
9.950000
9.960000
9.970000
9.980000
9.990000
10.000000
10.010000
10.020000
10.030000
10.040000
10.050000
10.060000
10.070000
10.080000
10.090000
10.100000
10.110000
10.120000
10.130000
10.140000
10.150000
10.160000
10.170000
10.180000
10.190000
10.200000
10.210000
10.220000
10.230000
10.240000
10.250000
10.260000
10.270000
10.280000
10.290000
10.300000
10.310000
10.320000
10.330000
10.340000
10.350000
10.360000
10.370000
10.380000
10.390000
10.400000
10.410000
10.420000
10.430000
10.440000
10.450000
10.460000
10.470000
10.480000
10.490000
10.500000
10.510000
10.520000
10.530000
10.540000
10.550000
10.560000
10.570000
10.580000
10.590000
10.600000
10.610000
10.620000
10.630000
10.640000
10.650000
10.660000
10.670000
10.680000
10.690000
10.700000
10.710000
10.720000
10.730000
10.740000
10.750000
10.760000
10.770000
10.780000
10.790000
10.800000
10.810000
10.820000
10.830000
10.840000
10.850000
10.860000
10.870000
10.880000
10.890000
10.900000
10.910000
10.920000
10.930000
10.940000
10.950000
10.960000
10.970000
10.980000
10.990000
11.000000
11.010000
11.020000
11.030000
11.040000
11.050000
11.060000
11.070000
11.080000
11.090000
11.100000
11.110000
11.120000
11.130000
11.140000
11.150000
11.160000
11.170000
11.180000
11.190000
11.200000
11.210000
11.220000
11.230000
11.240000
11.250000
11.260000
11.270000
11.280000
11.290000
11.300000
11.310000
11.320000
11.330000
11.340000
11.350000
11.360000
11.370000
11.380000
11.390000
11.400000
11.410000
11.420000
11.430000
11.440000
11.450000
11.460000
11.470000
11.480000
11.490000
11.500000
11.510000
11.520000
11.530000
11.540000
11.550000
11.560000
11.570000
11.580000
11.590000
11.600000
11.610000
11.620000
11.630000
11.640000
11.650000
11.660000
11.670000
11.680000
11.690000
11.700000
11.710000
11.720000
11.730000
11.740000
11.750000
11.760000
11.770000
11.780000
11.790000
11.800000
11.810000
11.820000
11.830000
11.840000
11.850000
11.860000
11.870000
11.880000
11.890000
11.900000
11.910000
11.920000
11.930000
11.940000
11.950000
11.960000
11.970000
11.980000
11.990000
12.000000
12.010000
12.020000
12.030000
12.040000
12.050000
12.060000
12.070000
12.080000
12.090000
12.100000
12.110000
12.120000
12.130000
12.140000
12.150000
12.160000
12.170000
12.180000
12.190000
12.200000
12.210000
12.220000
12.230000
12.240000
12.250000
12.260000
12.270000
12.280000
12.290000
12.300000
12.310000
12.320000
12.330000
12.340000
12.350000
12.360000
12.370000
12.380000
12.390000
12.400000
12.410000
12.420000
12.430000
12.440000
12.450000
12.460000
12.470000
12.480000
12.490000
12.500000
12.510000
12.520000
12.530000
12.540000
12.550000
12.560000
12.570000
12.580000
12.590000
12.600000
12.610000
12.620000
12.630000
12.640000
12.650000
12.660000
12.670000
12.680000
12.690000
12.700000
12.710000
12.720000
12.730000
12.740000
12.750000
12.760000
12.770000
12.780000
12.790000
12.800000
12.810000
12.820000
12.830000
12.840000
12.850000
12.860000
12.870000
12.880000
12.890000
12.900000
12.910000
12.920000
12.930000
12.940000
12.950000
12.960000
12.970000
12.980000
12.990000
13.000000
13.010000
13.020000
13.030000
13.040000
13.050000
13.060000
13.070000
13.080000
13.090000
13.100000
13.110000
13.120000
13.130000
13.140000
13.150000
13.160000
13.170000
13.180000
13.190000
13.200000
13.210000
13.220000
13.230000
13.240000
13.250000
13.260000
13.270000
13.280000
13.290000
13.300000
13.310000
13.320000
13.330000
13.340000
13.350000
13.360000
13.370000
13.380000
13.390000
13.400000
13.410000
13.420000
13.430000
13.440000
13.450000
13.460000
13.470000
13.480000
13.490000
13.500000
13.510000
13.520000
13.530000
13.540000
13.550000
13.560000
13.570000
13.580000
13.590000
13.600000
13.610000
13.620000
13.630000
13.640000
13.650000
13.660000
13.670000
13.680000
13.690000
13.700000
13.710000
13.720000
13.730000
13.740000
13.750000
13.760000
13.770000
13.780000
13.790000
13.800000
13.810000
13.820000
13.830000
13.840000
13.850000
13.860000
13.870000
13.880000
13.890000
13.900000
13.910000
13.920000
13.930000
13.940000
13.950000
13.960000
13.970000
13.980000
13.990000
14.000000
14.010000
14.020000
14.030000
14.040000
14.050000
14.060000
14.070000
14.080000
14.090000
14.100000
14.110000
14.120000
14.130000
14.140000
14.150000
14.160000
14.170000
14.180000
14.190000
14.200000
14.210000
14.220000
14.230000
14.240000
14.250000
14.260000
14.270000
14.280000
14.290000
14.300000
14.310000
14.320000
14.330000
14.340000
14.350000
14.360000
14.370000
14.380000
14.390000
14.400000
14.410000
14.420000
14.430000
14.440000
14.450000
14.460000
14.470000
14.480000
14.490000
14.500000
14.510000
14.520000
14.530000
14.540000
14.550000
14.560000
14.570000
14.580000
14.590000
14.600000
14.610000
14.620000
14.630000
14.640000
14.650000
14.660000
14.670000
14.680000
14.690000
14.700000
14.710000
14.720000
14.730000
14.740000
14.750000
14.760000
14.770000
14.780000
14.790000
14.800000
14.810000
14.820000
14.830000
14.840000
14.850000
14.860000
14.870000
14.880000
14.890000
14.900000
14.910000
14.920000
14.930000
14.940000
14.950000
14.960000
14.970000
14.980000
14.990000
15.000000
15.010000
15.020000
15.030000
15.040000
15.050000
15.060000
15.070000
15.080000
15.090000
15.100000
15.110000
15.120000
15.130000
15.140000
15.150000
15.160000
15.170000
15.180000
15.190000
15.200000
15.210000
15.220000
15.230000
15.240000
15.250000
15.260000
15.270000
15.280000
15.290000
15.300000
15.310000
15.320000
15.330000
15.340000
15.350000
15.360000
15.370000
15.380000
15.390000
15.400000
15.410000
15.420000
15.430000
15.440000
15.450000
15.460000
15.470000
15.480000
15.490000
15.500000
15.510000
15.520000
15.530000
15.540000
15.550000
15.560000
15.570000
15.580000
15.590000
15.600000
15.610000
15.620000
15.630000
15.640000
15.650000
15.660000
15.670000
15.680000
15.690000
15.700000
15.710000
15.720000
15.730000
15.740000
15.750000
15.760000
15.770000
15.780000
15.790000
15.800000
15.810000
15.820000
15.830000
15.840000
15.850000
15.860000
15.870000
15.880000
15.890000
15.900000
15.910000
15.920000
15.930000
15.940000
15.950000
15.960000
15.970000
15.980000
15.990000
16.000000
16.010000
16.020000
16.030000
16.040000
16.050000
16.060000
16.070000
16.080000
16.090000
16.100000
16.110000
16.120000
16.130000
16.140000
16.150000
16.160000
16.170000
16.180000
16.190000
16.200000
16.210000
16.220000
16.230000
16.240000
16.250000
16.260000
16.270000
16.280000
16.290000
16.300000
16.310000
16.320000
16.330000
16.340000
16.350000
16.360000
16.370000
16.380000
16.390000
16.400000
16.410000
16.420000
16.430000
16.440000
16.450000
16.460000
16.470000
16.480000
16.490000
16.500000
16.510000
16.520000
16.530000
16.540000
16.550000
16.560000
16.570000
16.580000
16.590000
16.600000
16.610000
16.620000
16.630000
16.640000
16.650000
16.660000
16.670000
16.680000
16.690000
16.700000
16.710000
16.720000
16.730000
16.740000
16.750000
16.760000
16.770000
16.780000
16.790000
16.800000
16.810000
16.820000
16.830000
16.840000
16.850000
16.860000
16.870000
16.880000
16.890000
16.900000
16.910000
16.920000
16.930000
16.940000
16.950000
16.960000
16.970000
16.980000
16.990000
17.000000
17.010000
17.020000
17.030000
17.040000
17.050000
17.060000
17.070000
17.080000
17.090000
17.100000
17.110000
17.120000
17.130000
17.140000
17.150000
17.160000
17.170000
17.180000
17.190000
17.200000
17.210000
17.220000
17.230000
17.240000
17.250000
17.260000
17.270000
17.280000
17.290000
17.300000
17.310000
17.320000
17.330000
17.340000
17.350000
17.360000
17.370000
17.380000
17.390000
17.400000
17.410000
17.420000
17.430000
17.440000
17.450000
17.460000
17.470000
17.480000
17.490000
17.500000
17.510000
17.520000
17.530000
17.540000
17.550000
17.560000
17.570000
17.580000
17.590000
17.600000
17.610000
17.620000
17.630000
17.640000
17.650000
17.660000
17.670000
17.680000
17.690000
17.700000
17.710000
17.720000
17.730000
17.740000
17.750000
17.760000
17.770000
17.780000
17.790000
17.800000
17.810000
17.820000
17.830000
17.840000
17.850000
17.860000
17.870000
17.880000
17.890000
17.900000
17.910000
17.920000
17.930000
17.940000
17.950000
17.960000
17.970000
17.980000
17.990000
18.000000
18.010000
18.020000
18.030000
18.040000
18.050000
18.060000
18.070000
18.080000
18.090000
18.100000
18.110000
18.120000
18.130000
18.140000
18.150000
18.160000
18.170000
18.180000
18.190000
18.200000
18.210000
18.220000
18.230000
18.240000
18.250000
18.260000
18.270000
18.280000
18.290000
18.300000
18.310000
18.320000
18.330000
18.340000
18.350000
18.360000
18.370000
18.380000
18.390000
18.400000
18.410000
18.420000
18.430000
18.440000
18.450000
18.460000
18.470000
18.480000
18.490000
18.500000
18.510000
18.520000
18.530000
18.540000
18.550000
18.560000
18.570000
18.580000
18.590000
18.600000
18.610000
18.620000
18.630000
18.640000
18.650000
18.660000
18.670000
18.680000
18.690000
18.700000
18.710000
18.720000
18.730000
18.740000
18.750000
18.760000
18.770000
18.780000
18.790000
18.800000
18.810000
18.820000
18.830000
18.840000
18.850000
18.860000
18.870000
18.880000
18.890000
18.900000
18.910000
18.920000
18.930000
18.940000
18.950000
18.960000
18.970000
18.980000
18.990000
19.000000
19.010000
19.020000
19.030000
19.040000
19.050000
19.060000
19.070000
19.080000
19.090000
19.100000
19.110000
19.120000
19.130000
19.140000
19.150000
19.160000
19.170000
19.180000
19.190000
19.200000
19.210000
19.220000
19.230000
19.240000
19.250000
19.260000
19.270000
19.280000
19.290000
19.300000
19.310000
19.320000
19.330000
19.340000
19.350000
19.360000
19.370000
19.380000
19.390000
19.400000
19.410000
19.420000
19.430000
19.440000
19.450000
19.460000
19.470000
19.480000
19.490000
19.500000
19.510000
19.520000
19.530000
19.540000
19.550000
19.560000
19.570000
19.580000
19.590000
19.600000
19.610000
19.620000
19.630000
19.640000
19.650000
19.660000
19.670000
19.680000
19.690000
19.700000
19.710000
19.720000
19.730000
19.740000
19.750000
19.760000
19.770000
19.780000
19.790000
19.800000
19.810000
19.820000
19.830000
19.840000
19.850000
19.860000
19.870000
19.880000
19.890000
19.900000
19.910000
19.920000
19.930000
19.940000
19.950000
19.960000
19.970000
19.980000
19.990000
20.000000
20.010000
20.020000
20.030000
20.040000
20.050000
20.060000
20.070000
20.080000
20.090000
20.100000
20.110000
20.120000
20.130000
20.140000
20.150000
20.160000
20.170000
20.180000
20.190000
20.200000
20.210000
20.220000
20.230000
20.240000
20.250000
20.260000
20.270000
20.280000
20.290000
20.300000
20.310000
20.320000
20.330000
20.340000
20.350000
20.360000
20.370000
20.380000
20.390000
20.400000
20.410000
20.420000
20.430000
20.440000
20.450000
20.460000
20.470000
20.480000
20.490000
20.500000
20.510000
20.520000
20.530000
20.540000
20.550000
20.560000
20.570000
20.580000
20.590000
20.600000
20.610000
20.620000
20.630000
20.640000
20.650000
20.660000
20.670000
20.680000
20.690000
20.700000
20.710000
20.720000
20.730000
20.740000
20.750000
20.760000
20.770000
20.780000
20.790000
20.800000
20.810000
20.820000
20.830000
20.840000
20.850000
20.860000
20.870000
20.880000
20.890000
20.900000
20.910000
20.920000
20.930000
20.940000
20.950000
20.960000
20.970000
20.980000
20.990000
21.000000
21.010000
21.020000
21.030000
21.040000
21.050000
21.060000
21.070000
21.080000
21.090000
21.100000
21.110000
21.120000
21.130000
21.140000
21.150000
21.160000
21.170000
21.180000
21.190000
21.200000
21.210000
21.220000
21.230000
21.240000
21.250000
21.260000
21.270000
21.280000
21.290000
21.300000
21.310000
21.320000
21.330000
21.340000
21.350000
21.360000
21.370000
21.380000
21.390000
21.400000
21.410000
21.420000
21.430000
21.440000
21.450000
21.460000
21.470000
21.480000
21.490000
21.500000
21.510000
21.520000
21.530000
21.540000
21.550000
21.560000
21.570000
21.580000
21.590000
21.600000
21.610000
21.620000
21.630000
21.640000
21.650000
21.660000
21.670000
21.680000
21.690000
21.700000
21.710000
21.720000
21.730000
21.740000
21.750000
21.760000
21.770000
21.780000
21.790000
21.800000
21.810000
21.820000
21.830000
21.840000
21.850000
21.860000
21.870000
21.880000
21.890000
21.900000
21.910000
21.920000
21.930000
21.940000
21.950000
21.960000
21.970000
21.980000
21.990000
22.000000
22.010000
22.020000
22.030000
22.040000
22.050000
22.060000
22.070000
22.080000
22.090000
22.100000
22.110000
22.120000
22.130000
22.140000
22.150000
22.160000
22.170000
22.180000
22.190000
22.200000
22.210000
22.220000
22.230000
22.240000
22.250000
22.260000
22.270000
22.280000
22.290000
22.300000
22.310000
22.320000
22.330000
22.340000
22.350000
22.360000
22.370000
22.380000
22.390000
22.400000
22.410000
22.420000
22.430000
22.440000
22.450000
22.460000
22.470000
22.480000
22.490000
22.500000
22.510000
22.520000
22.530000
22.540000
22.550000
22.560000
22.570000
22.580000
22.590000
22.600000
22.610000
22.620000
22.630000
22.640000
22.650000
22.660000
22.670000
22.680000
22.690000
22.700000
22.710000
22.720000
22.730000
22.740000
22.750000
22.760000
22.770000
22.780000
22.790000
22.800000
22.810000
22.820000
22.830000
22.840000
22.850000
22.860000
22.870000
22.880000
22.890000
22.900000
22.910000
22.920000
22.930000
22.940000
22.950000
22.960000
22.970000
22.980000
22.990000
23.000000
23.010000
23.020000
23.030000
23.040000
23.050000
23.060000
23.070000
23.080000
23.090000
23.100000
23.110000
23.120000
23.130000
23.140000
23.150000
23.160000
23.170000
23.180000
23.190000
23.200000
23.210000
23.220000
23.230000
23.240000
23.250000
23.260000
23.270000
23.280000
23.290000
23.300000
23.310000
23.320000
23.330000
23.340000
23.350000
23.360000
23.370000
23.380000
23.390000
23.400000
23.410000
23.420000
23.430000
23.440000
23.450000
23.460000
23.470000
23.480000
23.490000
23.500000
23.510000
23.520000
23.530000
23.540000
23.550000
23.560000
23.570000
23.580000
23.590000
23.600000
23.610000
23.620000
23.630000
23.640000
23.650000
23.660000
23.670000
23.680000
23.690000
23.700000
23.710000
23.720000
23.730000
23.740000
23.750000
23.760000
23.770000
23.780000
23.790000
23.800000
23.810000
23.820000
23.830000
23.840000
23.850000
23.860000
23.870000
23.880000
23.890000
23.900000
23.910000
23.920000
23.930000
23.940000
23.950000
23.960000
23.970000
23.980000
23.990000
24.000000
24.010000
24.020000
24.030000
24.040000
24.050000
24.060000
24.070000
24.080000
24.090000
24.100000
24.110000
24.120000
24.130000
24.140000
24.150000
24.160000
24.170000
24.180000
24.190000
24.200000
24.210000
24.220000
24.230000
24.240000
24.250000
24.260000
24.270000
24.280000
24.290000
24.300000
24.310000
24.320000
24.330000
24.340000
24.350000
24.360000
24.370000
24.380000
24.390000
24.400000
24.410000
24.420000
24.430000
24.440000
24.450000
24.460000
24.470000
24.480000
24.490000
24.500000
24.510000
24.520000
24.530000
24.540000
24.550000
24.560000
24.570000
24.580000
24.590000
24.600000
24.610000
24.620000
24.630000
24.640000
24.650000
24.660000
24.670000
24.680000
24.690000
24.700000
24.710000
24.720000
24.730000
24.740000
24.750000
24.760000
24.770000
24.780000
24.790000
24.800000
24.810000
24.820000
24.830000
24.840000
24.850000
24.860000
24.870000
24.880000
24.890000
24.900000
24.910000
24.920000
24.930000
24.940000
24.950000
24.960000
24.970000
24.980000
24.990000
25.000000
25.010000
25.020000
25.030000
25.040000
25.050000
25.060000
25.070000
25.080000
25.090000
25.100000
25.110000
25.120000
25.130000
25.140000
25.150000
25.160000
25.170000
25.180000
25.190000
25.200000
25.210000
25.220000
25.230000
25.240000
25.250000
25.260000
25.270000
25.280000
25.290000
25.300000
25.310000
25.320000
25.330000
25.340000
25.350000
25.360000
25.370000
25.380000
25.390000
25.400000
25.410000
25.420000
25.430000
25.440000
25.450000
25.460000
25.470000
25.480000
25.490000
25.500000
25.510000
25.520000
25.530000
25.540000
25.550000
25.560000
25.570000
25.580000
25.590000
25.600000
25.610000
25.620000
25.630000
25.640000
25.650000
25.660000
25.670000
25.680000
25.690000
25.700000
25.710000
25.720000
25.730000
25.740000
25.750000
25.760000
25.770000
25.780000
25.790000
25.800000
25.810000
25.820000
25.830000
25.840000
25.850000
25.860000
25.870000
25.880000
25.890000
25.900000
25.910000
25.920000
25.930000
25.940000
25.950000
25.960000
25.970000
25.980000
25.990000
26.000000
26.010000
26.020000
26.030000
26.040000
26.050000
26.060000
26.070000
26.080000
26.090000
26.100000
26.110000
26.120000
26.130000
26.140000
26.150000
26.160000
26.170000
26.180000
26.190000
26.200000
26.210000
26.220000
26.230000
26.240000
26.250000
26.260000
26.270000
26.280000
26.290000
26.300000
26.310000
26.320000
26.330000
26.340000
26.350000
26.360000
26.370000
26.380000
26.390000
26.400000
26.410000
26.420000
26.430000
26.440000
26.450000
26.460000
26.470000
26.480000
26.490000
26.500000
26.510000
26.520000
26.530000
26.540000
26.550000
26.560000
26.570000
26.580000
26.590000
26.600000
26.610000
26.620000
26.630000
26.640000
26.650000
26.660000
26.670000
26.680000
26.690000
26.700000
26.710000
26.720000
26.730000
26.740000
26.750000
26.760000
26.770000
26.780000
26.790000
26.800000
26.810000
26.820000
26.830000
26.840000
26.850000
26.860000
26.870000
26.880000
26.890000
26.900000
26.910000
26.920000
26.930000
26.940000
26.950000
26.960000
26.970000
26.980000
26.990000
27.000000
27.010000
27.020000
27.030000
27.040000
27.050000
27.060000
27.070000
27.080000
27.090000
27.100000
27.110000
27.120000
27.130000
27.140000
27.150000
27.160000
27.170000
27.180000
27.190000
27.200000
27.210000
27.220000
27.230000
27.240000
27.250000
27.260000
27.270000
27.280000
27.290000
27.300000
27.310000
27.320000
27.330000
27.340000
27.350000
27.360000
27.370000
27.380000
27.390000
27.400000
27.410000
27.420000
27.430000
27.440000
27.450000
27.460000
27.470000
27.480000
27.490000
27.500000
27.510000
27.520000
27.530000
27.540000
27.550000
27.560000
27.570000
27.580000
27.590000
27.600000
27.610000
27.620000
27.630000
27.640000
27.650000
27.660000
27.670000
27.680000
27.690000
27.700000
27.710000
27.720000
27.730000
27.740000
27.750000
27.760000
27.770000
27.780000
27.790000
27.800000
27.810000
27.820000
27.830000
27.840000
27.850000
27.860000
27.870000
27.880000
27.890000
27.900000
27.910000
27.920000
27.930000
27.940000
27.950000
27.960000
27.970000
27.980000
27.990000
28.000000
28.010000
28.020000
28.030000
28.040000
28.050000
28.060000
28.070000
28.080000
28.090000
28.100000
28.110000
28.120000
28.130000
28.140000
28.150000
28.160000
28.170000
28.180000
28.190000
28.200000
28.210000
28.220000
28.230000
28.240000
28.250000
28.260000
28.270000
28.280000
28.290000
28.300000
28.310000
28.320000
28.330000
28.340000
28.350000
28.360000
28.370000
28.380000
28.390000
28.400000
28.410000
28.420000
28.430000
28.440000
28.450000
28.460000
28.470000
28.480000
28.490000
28.500000
28.510000
28.520000
28.530000
28.540000
28.550000
28.560000
28.570000
28.580000
28.590000
28.600000
28.610000
28.620000
28.630000
28.640000
28.650000
28.660000
28.670000
28.680000
28.690000
28.700000
28.710000
28.720000
28.730000
28.740000
28.750000
28.760000
28.770000
28.780000
28.790000
28.800000
28.810000
28.820000
28.830000
28.840000
28.850000
28.860000
28.870000
28.880000
28.890000
28.900000
28.910000
28.920000
28.930000
28.940000
28.950000
28.960000
28.970000
28.980000
28.990000
29.000000
29.010000
29.020000
29.030000
29.040000
29.050000
29.060000
29.070000
29.080000
29.090000
29.100000
29.110000
29.120000
29.130000
29.140000
29.150000
29.160000
29.170000
29.180000
29.190000
29.200000
29.210000
29.220000
29.230000
29.240000
29.250000
29.260000
29.270000
29.280000
29.290000
29.300000
29.310000
29.320000
29.330000
29.340000
29.350000
29.360000
29.370000
29.380000
29.390000
29.400000
29.410000
29.420000
29.430000
29.440000
29.450000
29.460000
29.470000
29.480000
29.490000
29.500000
29.510000
29.520000
29.530000
29.540000
29.550000
29.560000
29.570000
29.580000
29.590000
29.600000
29.610000
29.620000
29.630000
29.640000
29.650000
29.660000
29.670000
29.680000
29.690000
29.700000
29.710000
29.720000
29.730000
29.740000
29.750000
29.760000
29.770000
29.780000
29.790000
29.800000
29.810000
29.820000
29.830000
29.840000
29.850000
29.860000
29.870000
29.880000
29.890000
29.900000
29.910000
29.920000
29.930000
29.940000
29.950000
29.960000
29.970000
29.980000
29.990000
30.000000
30.010000
30.020000
30.030000
30.040000
30.050000
30.060000
30.070000
30.080000
30.090000
30.100000
30.110000
30.120000
30.130000
30.140000
30.150000
30.160000
30.170000
30.180000
30.190000
30.200000
30.210000
30.220000
30.230000
30.240000
30.250000
30.260000
30.270000
30.280000
30.290000
30.300000
30.310000
30.320000
30.330000
30.340000
30.350000
30.360000
30.370000
30.380000
30.390000
30.400000
30.410000
30.420000
30.430000
30.440000
30.450000
30.460000
30.470000
30.480000
30.490000
30.500000
30.510000
30.520000
30.530000
30.540000
30.550000
30.560000
30.570000
30.580000
30.590000
30.600000
30.610000
30.620000
30.630000
30.640000
30.650000
30.660000
30.670000
30.680000
30.690000
30.700000
30.710000
30.720000
30.730000
30.740000
30.750000
30.760000
30.770000
30.780000
30.790000
30.800000
30.810000
30.820000
30.830000
30.840000
30.850000
30.860000
30.870000
30.880000
30.890000
30.900000
30.910000
30.920000
30.930000
30.940000
30.950000
30.960000
30.970000
30.980000
30.990000
31.000000
31.010000
31.020000
31.030000
31.040000
31.050000
31.060000
31.070000
31.080000
31.090000
31.100000
31.110000
31.120000
31.130000
31.140000
31.150000
31.160000
31.170000
31.180000
31.190000
31.200000
31.210000
31.220000
31.230000
31.240000
31.250000
31.260000
31.270000
31.280000
31.290000
31.300000
31.310000
31.320000
31.330000
31.340000
31.350000
31.360000
31.370000
31.380000
31.390000
31.400000
31.410000
31.420000
31.430000
31.440000
31.450000
31.460000
31.470000
31.480000
31.490000
31.500000
31.510000
31.520000
31.530000
31.540000
31.550000
31.560000
31.570000
31.580000
31.590000
31.600000
31.610000
31.620000
31.630000
31.640000
31.650000
31.660000
31.670000
31.680000
31.690000
31.700000
31.710000
31.720000
31.730000
31.740000
31.750000
31.760000
31.770000
31.780000
31.790000
31.800000
31.810000
31.820000
31.830000
31.840000
31.850000
31.860000
31.870000
31.880000
31.890000
31.900000
31.910000
31.920000
31.930000
31.940000
31.950000
31.960000
31.970000
31.980000
31.990000
32.000000
32.010000
32.020000
32.030000
32.040000
32.050000
32.060000
32.070000
32.080000
32.090000
32.100000
32.110000
32.120000
32.130000
32.140000
32.150000
32.160000
32.170000
32.180000
32.190000
32.200000
32.210000
32.220000
32.230000
32.240000
32.250000
32.260000
32.270000
32.280000
32.290000
32.300000
32.310000
32.320000
32.330000
32.340000
32.350000
32.360000
32.370000
32.380000
32.390000
32.400000
32.410000
32.420000
32.430000
32.440000
32.450000
32.460000
32.470000
32.480000
32.490000
32.500000
32.510000
32.520000
32.530000
32.540000
32.550000
32.560000
32.570000
32.580000
32.590000
32.600000
32.610000
32.620000
32.630000
32.640000
32.650000
32.660000
32.670000
32.680000
32.690000
32.700000
32.710000
32.720000
32.730000
32.740000
32.750000
32.760000
32.770000
32.780000
32.790000
32.800000
32.810000
32.820000
32.830000
32.840000
32.850000
32.860000
32.870000
32.880000
32.890000
32.900000
32.910000
32.920000
32.930000
32.940000
32.950000
32.960000
32.970000
32.980000
32.990000
33.000000
33.010000
33.020000
33.030000
33.040000
33.050000
33.060000
33.070000
33.080000
33.090000
33.100000
33.110000
33.120000
33.130000
33.140000
33.150000
33.160000
33.170000
33.180000
33.190000
33.200000
33.210000
33.220000
33.230000
33.240000
33.250000
33.260000
33.270000
33.280000
33.290000
33.300000
33.310000
33.320000
33.330000
33.340000
33.350000
33.360000
33.370000
33.380000
33.390000
33.400000
33.410000
33.420000
33.430000
33.440000
33.450000
33.460000
33.470000
33.480000
33.490000
33.500000
33.510000
33.520000
33.530000
33.540000
33.550000
33.560000
33.570000
33.580000
33.590000
33.600000
33.610000
33.620000
33.630000
33.640000
33.650000
33.660000
33.670000
33.680000
33.690000
33.700000
33.710000
33.720000
33.730000
33.740000
33.750000
33.760000
33.770000
33.780000
33.790000
33.800000
33.810000
33.820000
33.830000
33.840000
33.850000
33.860000
33.870000
33.880000
33.890000
33.900000
33.910000
33.920000
33.930000
33.940000
33.950000
33.960000
33.970000
33.980000
33.990000
34.000000
34.010000
34.020000
34.030000
34.040000
34.050000
34.060000
34.070000
34.080000
34.090000
34.100000
34.110000
34.120000
34.130000
34.140000
34.150000
34.160000
34.170000
34.180000
34.190000
34.200000
34.210000
34.220000
34.230000
34.240000
34.250000
34.260000
34.270000
34.280000
34.290000
34.300000
34.310000
34.320000
34.330000
34.340000
34.350000
34.360000
34.370000
34.380000
34.390000
34.400000
34.410000
34.420000
34.430000
34.440000
34.450000
34.460000
34.470000
34.480000
34.490000
34.500000
34.510000
34.520000
34.530000
34.540000
34.550000
34.560000
34.570000
34.580000
34.590000
34.600000
34.610000
34.620000
34.630000
34.640000
34.650000
34.660000
34.670000
34.680000
34.690000
34.700000
34.710000
34.720000
34.730000
34.740000
34.750000
34.760000
34.770000
34.780000
34.790000
34.800000
34.810000
34.820000
34.830000
34.840000
34.850000
34.860000
34.870000
34.880000
34.890000
34.900000
34.910000
34.920000
34.930000
34.940000
34.950000
34.960000
34.970000
34.980000
34.990000
35.000000
35.010000
35.020000
35.030000
35.040000
35.050000
35.060000
35.070000
35.080000
35.090000
35.100000
35.110000
35.120000
35.130000
35.140000
35.150000
35.160000
35.170000
35.180000
35.190000
35.200000
35.210000
35.220000
35.230000
35.240000
35.250000
35.260000
35.270000
35.280000
35.290000
35.300000
35.310000
35.320000
35.330000
35.340000
35.350000
35.360000
35.370000
35.380000
35.390000
35.400000
35.410000
35.420000
35.430000
35.440000
35.450000
35.460000
35.470000
35.480000
35.490000
35.500000
35.510000
35.520000
35.530000
35.540000
35.550000
35.560000
35.570000
35.580000
35.590000
35.600000
35.610000
35.620000
35.630000
35.640000
35.650000
35.660000
35.670000
35.680000
35.690000
35.700000
35.710000
35.720000
35.730000
35.740000
35.750000
35.760000
35.770000
35.780000
35.790000
35.800000
35.810000
35.820000
35.830000
35.840000
35.850000
35.860000
35.870000
35.880000
35.890000
35.900000
35.910000
35.920000
35.930000
35.940000
35.950000
35.960000
35.970000
35.980000
35.990000
36.000000
36.010000
36.020000
36.030000
36.040000
36.050000
36.060000
36.070000
36.080000
36.090000
36.100000
36.110000
36.120000
36.130000
36.140000
36.150000
36.160000
36.170000
36.180000
36.190000
36.200000
36.210000
36.220000
36.230000
36.240000
36.250000
36.260000
36.270000
36.280000
36.290000
36.300000
36.310000
36.320000
36.330000
36.340000
36.350000
36.360000
36.370000
36.380000
36.390000
36.400000
36.410000
36.420000
36.430000
36.440000
36.450000
36.460000
36.470000
36.480000
36.490000
36.500000
36.510000
36.520000
36.530000
36.540000
36.550000
36.560000
36.570000
36.580000
36.590000
36.600000
36.610000
36.620000
36.630000
36.640000
36.650000
36.660000
36.670000
36.680000
36.690000
36.700000
36.710000
36.720000
36.730000
36.740000
36.750000
36.760000
36.770000
36.780000
36.790000
36.800000
36.810000
36.820000
36.830000
36.840000
36.850000
36.860000
36.870000
36.880000
36.890000
36.900000
36.910000
36.920000
36.930000
36.940000
36.950000
36.960000
36.970000
36.980000
36.990000
37.000000
37.010000
37.020000
37.030000
37.040000
37.050000
37.060000
37.070000
37.080000
37.090000
37.100000
37.110000
37.120000
37.130000
37.140000
37.150000
37.160000
37.170000
37.180000
37.190000
37.200000
37.210000
37.220000
37.230000
37.240000
37.250000
37.260000
37.270000
37.280000
37.290000
37.300000
37.310000
37.320000
37.330000
37.340000
37.350000
37.360000
37.370000
37.380000
37.390000
37.400000
37.410000
37.420000
37.430000
37.440000
37.450000
37.460000
37.470000
37.480000
37.490000
37.500000
37.510000
37.520000
37.530000
37.540000
37.550000
37.560000
37.570000
37.580000
37.590000
37.600000
37.610000
37.620000
37.630000
37.640000
37.650000
37.660000
37.670000
37.680000
37.690000
37.700000
37.710000
37.720000
37.730000
37.740000
37.750000
37.760000
37.770000
37.780000
37.790000
37.800000
37.810000
37.820000
37.830000
37.840000
37.850000
37.860000
37.870000
37.880000
37.890000
37.900000
37.910000
37.920000
37.930000
37.940000
37.950000
37.960000
37.970000
37.980000
37.990000
38.000000
38.010000
38.020000
38.030000
38.040000
38.050000
38.060000
38.070000
38.080000
38.090000
38.100000
38.110000
38.120000
38.130000
38.140000
38.150000
38.160000
38.170000
38.180000
38.190000
38.200000
38.210000
38.220000
38.230000
38.240000
38.250000
38.260000
38.270000
38.280000
38.290000
38.300000
38.310000
38.320000
38.330000
38.340000
38.350000
38.360000
38.370000
38.380000
38.390000
38.400000
38.410000
38.420000
38.430000
38.440000
38.450000
38.460000
38.470000
38.480000
38.490000
38.500000
38.510000
38.520000
38.530000
38.540000
38.550000
38.560000
38.570000
38.580000
38.590000
38.600000
38.610000
38.620000
38.630000
38.640000
38.650000
38.660000
38.670000
38.680000
38.690000
38.700000
38.710000
38.720000
38.730000
38.740000
38.750000
38.760000
38.770000
38.780000
38.790000
38.800000
38.810000
38.820000
38.830000
38.840000
38.850000
38.860000
38.870000
38.880000
38.890000
38.900000
38.910000
38.920000
38.930000
38.940000
38.950000
38.960000
38.970000
38.980000
38.990000
39.000000
39.010000
39.020000
39.030000
39.040000
39.050000
39.060000
39.070000
39.080000
39.090000
39.100000
39.110000
39.120000
39.130000
39.140000
39.150000
39.160000
39.170000
39.180000
39.190000
39.200000
39.210000
39.220000
39.230000
39.240000
39.250000
39.260000
39.270000
39.280000
39.290000
39.300000
39.310000
39.320000
39.330000
39.340000
39.350000
39.360000
39.370000
39.380000
39.390000
39.400000
39.410000
39.420000
39.430000
39.440000
39.450000
39.460000
39.470000
39.480000
39.490000
39.500000
39.510000
39.520000
39.530000
39.540000
39.550000
39.560000
39.570000
39.580000
39.590000
39.600000
39.610000
39.620000
39.630000
39.640000
39.650000
39.660000
39.670000
39.680000
39.690000
39.700000
39.710000
39.720000
39.730000
39.740000
39.750000
39.760000
39.770000
39.780000
39.790000
39.800000
39.810000
39.820000
39.830000
39.840000
39.850000
39.860000
39.870000
39.880000
39.890000
39.900000
39.910000
39.920000
39.930000
39.940000
39.950000
39.960000
39.970000
39.980000
39.990000
40.000000
40.010000
40.020000
40.030000
40.040000
40.050000
40.060000
40.070000
40.080000
40.090000
40.100000
40.110000
40.120000
40.130000
40.140000
40.150000
40.160000
40.170000
40.180000
40.190000
40.200000
40.210000
40.220000
40.230000
40.240000
40.250000
40.260000
40.270000
40.280000
40.290000
40.300000
40.310000
40.320000
40.330000
40.340000
40.350000
40.360000
40.370000
40.380000
40.390000
40.400000
40.410000
40.420000
40.430000
40.440000
40.450000
40.460000
40.470000
40.480000
40.490000
40.500000
40.510000
40.520000
40.530000
40.540000
40.550000
40.560000
40.570000
40.580000
40.590000
40.600000
40.610000
40.620000
40.630000
40.640000
40.650000
40.660000
40.670000
40.680000
40.690000
40.700000
40.710000
40.720000
40.730000
40.740000
40.750000
40.760000
40.770000
40.780000
40.790000
40.800000
40.810000
40.820000
40.830000
40.840000
40.850000
40.860000
40.870000
40.880000
40.890000
40.900000
40.910000
40.920000
40.930000
40.940000
40.950000
40.960000
40.970000
40.980000
40.990000
41.000000
41.010000
41.020000
41.030000
41.040000
41.050000
41.060000
41.070000
41.080000
41.090000
41.100000
41.110000
41.120000
41.130000
41.140000
41.150000
41.160000
41.170000
41.180000
41.190000
41.200000
41.210000
41.220000
41.230000
41.240000
41.250000
41.260000
41.270000
41.280000
41.290000
41.300000
41.310000
41.320000
41.330000
41.340000
41.350000
41.360000
41.370000
41.380000
41.390000
41.400000
41.410000
41.420000
41.430000
41.440000
41.450000
41.460000
41.470000
41.480000
41.490000
41.500000
41.510000
41.520000
41.530000
41.540000
41.550000
41.560000
41.570000
41.580000
41.590000
41.600000
41.610000
41.620000
41.630000
41.640000
41.650000
41.660000
41.670000
41.680000
41.690000
41.700000
41.710000
41.720000
41.730000
41.740000
41.750000
41.760000
41.770000
41.780000
41.790000
41.800000
41.810000
41.820000
41.830000
41.840000
41.850000
41.860000
41.870000
41.880000
41.890000
41.900000
41.910000
41.920000
41.930000
41.940000
41.950000
41.960000
41.970000
41.980000
41.990000
42.000000
42.010000
42.020000
42.030000
42.040000
42.050000
42.060000
42.070000
42.080000
42.090000
42.100000
42.110000
42.120000
42.130000
42.140000
42.150000
42.160000
42.170000
42.180000
42.190000
42.200000
42.210000
42.220000
42.230000
42.240000
42.250000
42.260000
42.270000
42.280000
42.290000
42.300000
42.310000
42.320000
42.330000
42.340000
42.350000
42.360000
42.370000
42.380000
42.390000
42.400000
42.410000
42.420000
42.430000
42.440000
42.450000
42.460000
42.470000
42.480000
42.490000
42.500000
42.510000
42.520000
42.530000
42.540000
42.550000
42.560000
42.570000
42.580000
42.590000
42.600000
42.610000
42.620000
42.630000
42.640000
42.650000
42.660000
42.670000
42.680000
42.690000
42.700000
42.710000
42.720000
42.730000
42.740000
42.750000
42.760000
42.770000
42.780000
42.790000
42.800000
42.810000
42.820000
42.830000
42.840000
42.850000
42.860000
42.870000
42.880000
42.890000
42.900000
42.910000
42.920000
42.930000
42.940000
42.950000
42.960000
42.970000
42.980000
42.990000
43.000000
43.010000
43.020000
43.030000
43.040000
43.050000
43.060000
43.070000
43.080000
43.090000
43.100000
43.110000
43.120000
43.130000
43.140000
43.150000
43.160000
43.170000
43.180000
43.190000
43.200000
43.210000
43.220000
43.230000
43.240000
43.250000
43.260000
43.270000
43.280000
43.290000
43.300000
43.310000
43.320000
43.330000
43.340000
43.350000
43.360000
43.370000
43.380000
43.390000
43.400000
43.410000
43.420000
43.430000
43.440000
43.450000
43.460000
43.470000
43.480000
43.490000
43.500000
43.510000
43.520000
43.530000
43.540000
43.550000
43.560000
43.570000
43.580000
43.590000
43.600000
43.610000
43.620000
43.630000
43.640000
43.650000
43.660000
43.670000
43.680000
43.690000
43.700000
43.710000
43.720000
43.730000
43.740000
43.750000
43.760000
43.770000
43.780000
43.790000
43.800000
43.810000
43.820000
43.830000
43.840000
43.850000
43.860000
43.870000
43.880000
43.890000
43.900000
43.910000
43.920000
43.930000
43.940000
43.950000
43.960000
43.970000
43.980000
43.990000
44.000000
44.010000
44.020000
44.030000
44.040000
44.050000
44.060000
44.070000
44.080000
44.090000
44.100000
44.110000
44.120000
44.130000
44.140000
44.150000
44.160000
44.170000
44.180000
44.190000
44.200000
44.210000
44.220000
44.230000
44.240000
44.250000
44.260000
44.270000
44.280000
44.290000
44.300000
44.310000
44.320000
44.330000
44.340000
44.350000
44.360000
44.370000
44.380000
44.390000
44.400000
44.410000
44.420000
44.430000
44.440000
44.450000
44.460000
44.470000
44.480000
44.490000
44.500000
44.510000
44.520000
44.530000
44.540000
44.550000
44.560000
44.570000
44.580000
44.590000
44.600000
44.610000
44.620000
44.630000
44.640000
44.650000
44.660000
44.670000
44.680000
44.690000
44.700000
44.710000
44.720000
44.730000
44.740000
44.750000
44.760000
44.770000
44.780000
44.790000
44.800000
44.810000
44.820000
44.830000
44.840000
44.850000
44.860000
44.870000
44.880000
44.890000
44.900000
44.910000
44.920000
44.930000
44.940000
44.950000
44.960000
44.970000
44.980000
44.990000
45.000000
45.010000
45.020000
45.030000
45.040000
45.050000
45.060000
45.070000
45.080000
45.090000
45.100000
45.110000
45.120000
45.130000
45.140000
45.150000
45.160000
45.170000
45.180000
45.190000
45.200000
45.210000
45.220000
45.230000
45.240000
45.250000
45.260000
45.270000
45.280000
45.290000
45.300000
45.310000
45.320000
45.330000
45.340000
45.350000
45.360000
45.370000
45.380000
45.390000
45.400000
45.410000
45.420000
45.430000
45.440000
45.450000
45.460000
45.470000
45.480000
45.490000
45.500000
45.510000
45.520000
45.530000
45.540000
45.550000
45.560000
45.570000
45.580000
45.590000
45.600000
45.610000
45.620000
45.630000
45.640000
45.650000
45.660000
45.670000
45.680000
45.690000
45.700000
45.710000
45.720000
45.730000
45.740000
45.750000
45.760000
45.770000
45.780000
45.790000
45.800000
45.810000
45.820000
45.830000
45.840000
45.850000
45.860000
45.870000
45.880000
45.890000
45.900000
45.910000
45.920000
45.930000
45.940000
45.950000
45.960000
45.970000
45.980000
45.990000
46.000000
46.010000
46.020000
46.030000
46.040000
46.050000
46.060000
46.070000
46.080000
46.090000
46.100000
46.110000
46.120000
46.130000
46.140000
46.150000
46.160000
46.170000
46.180000
46.190000
46.200000
46.210000
46.220000
46.230000
46.240000
46.250000
46.260000
46.270000
46.280000
46.290000
46.300000
46.310000
46.320000
46.330000
46.340000
46.350000
46.360000
46.370000
46.380000
46.390000
46.400000
46.410000
46.420000
46.430000
46.440000
46.450000
46.460000
46.470000
46.480000
46.490000
46.500000
46.510000
46.520000
46.530000
46.540000
46.550000
46.560000
46.570000
46.580000
46.590000
46.600000
46.610000
46.620000
46.630000
46.640000
46.650000
46.660000
46.670000
46.680000
46.690000
46.700000
46.710000
46.720000
46.730000
46.740000
46.750000
46.760000
46.770000
46.780000
46.790000
46.800000
46.810000
46.820000
46.830000
46.840000
46.850000
46.860000
46.870000
46.880000
46.890000
46.900000
46.910000
46.920000
46.930000
46.940000
46.950000
46.960000
46.970000
46.980000
46.990000
47.000000
47.010000
47.020000
47.030000
47.040000
47.050000
47.060000
47.070000
47.080000
47.090000
47.100000
47.110000
47.120000
47.130000
47.140000
47.150000
47.160000
47.170000
47.180000
47.190000
47.200000
47.210000
47.220000
47.230000
47.240000
47.250000
47.260000
47.270000
47.280000
47.290000
47.300000
47.310000
47.320000
47.330000
47.340000
47.350000
47.360000
47.370000
47.380000
47.390000
47.400000
47.410000
47.420000
47.430000
47.440000
47.450000
47.460000
47.470000
47.480000
47.490000
47.500000
47.510000
47.520000
47.530000
47.540000
47.550000
47.560000
47.570000
47.580000
47.590000
47.600000
47.610000
47.620000
47.630000
47.640000
47.650000
47.660000
47.670000
47.680000
47.690000
47.700000
47.710000
47.720000
47.730000
47.740000
47.750000
47.760000
47.770000
47.780000
47.790000
47.800000
47.810000
47.820000
47.830000
47.840000
47.850000
47.860000
47.870000
47.880000
47.890000
47.900000
47.910000
47.920000
47.930000
47.940000
47.950000
47.960000
47.970000
47.980000
47.990000
48.000000
48.010000
48.020000
48.030000
48.040000
48.050000
48.060000
48.070000
48.080000
48.090000
48.100000
48.110000
48.120000
48.130000
48.140000
48.150000
48.160000
48.170000
48.180000
48.190000
48.200000
48.210000
48.220000
48.230000
48.240000
48.250000
48.260000
48.270000
48.280000
48.290000
48.300000
48.310000
48.320000
48.330000
48.340000
48.350000
48.360000
48.370000
48.380000
48.390000
48.400000
48.410000
48.420000
48.430000
48.440000
48.450000
48.460000
48.470000
48.480000
48.490000
48.500000
48.510000
48.520000
48.530000
48.540000
48.550000
48.560000
48.570000
48.580000
48.590000
48.600000
48.610000
48.620000
48.630000
48.640000
48.650000
48.660000
48.670000
48.680000
48.690000
48.700000
48.710000
48.720000
48.730000
48.740000
48.750000
48.760000
48.770000
48.780000
48.790000
48.800000
48.810000
48.820000
48.830000
48.840000
48.850000
48.860000
48.870000
48.880000
48.890000
48.900000
48.910000
48.920000
48.930000
48.940000
48.950000
48.960000
48.970000
48.980000
48.990000
49.000000
49.010000
49.020000
49.030000
49.040000
49.050000
49.060000
49.070000
49.080000
49.090000
49.100000
49.110000
49.120000
49.130000
49.140000
49.150000
49.160000
49.170000
49.180000
49.190000
49.200000
49.210000
49.220000
49.230000
49.240000
49.250000
49.260000
49.270000
49.280000
49.290000
49.300000
49.310000
49.320000
49.330000
49.340000
49.350000
49.360000
49.370000
49.380000
49.390000
49.400000
49.410000
49.420000
49.430000
49.440000
49.450000
49.460000
49.470000
49.480000
49.490000
49.500000
49.510000
49.520000
49.530000
49.540000
49.550000
49.560000
49.570000
49.580000
49.590000
49.600000
49.610000
49.620000
49.630000
49.640000
49.650000
49.660000
49.670000
49.680000
49.690000
49.700000
49.710000
49.720000
49.730000
49.740000
49.750000
49.760000
49.770000
49.780000
49.790000
49.800000
49.810000
49.820000
49.830000
49.840000
49.850000
49.860000
49.870000
49.880000
49.890000
49.900000
49.910000
49.920000
49.930000
49.940000
49.950000
49.960000
49.970000
49.980000
49.990000
50.000000
50.010000
50.020000
50.030000
50.040000
50.050000
50.060000
50.070000
50.080000
50.090000
50.100000
50.110000
50.120000
50.130000
50.140000
50.150000
50.160000
50.170000
50.180000
50.190000
50.200000
50.210000
50.220000
50.230000
50.240000
50.250000
50.260000
50.270000
50.280000
50.290000
50.300000
50.310000
50.320000
50.330000
50.340000
50.350000
50.360000
50.370000
50.380000
50.390000
50.400000
50.410000
50.420000
50.430000
50.440000
50.450000
50.460000
50.470000
50.480000
50.490000
50.500000
50.510000
50.520000
50.530000
50.540000
50.550000
50.560000
50.570000
50.580000
50.590000
50.600000
50.610000
50.620000
50.630000
50.640000
50.650000
50.660000
50.670000
50.680000
50.690000
50.700000
50.710000
50.720000
50.730000
50.740000
50.750000
50.760000
50.770000
50.780000
50.790000
50.800000
50.810000
50.820000
50.830000
50.840000
50.850000
50.860000
50.870000
50.880000
50.890000
50.900000
50.910000
50.920000
50.930000
50.940000
50.950000
50.960000
50.970000
50.980000
50.990000
51.000000
51.010000
51.020000
51.030000
51.040000
51.050000
51.060000
51.070000
51.080000
51.090000
51.100000
51.110000
51.120000
51.130000
51.140000
51.150000
51.160000
51.170000
51.180000
51.190000
51.200000
51.210000
51.220000
51.230000
51.240000
51.250000
51.260000
51.270000
51.280000
51.290000
51.300000
51.310000
51.320000
51.330000
51.340000
51.350000
51.360000
51.370000
51.380000
51.390000
51.400000
51.410000
51.420000
51.430000
51.440000
51.450000
51.460000
51.470000
51.480000
51.490000
51.500000
51.510000
51.520000
51.530000
51.540000
51.550000
51.560000
51.570000
51.580000
51.590000
51.600000
51.610000
51.620000
51.630000
51.640000
51.650000
51.660000
51.670000
51.680000
51.690000
51.700000
51.710000
51.720000
51.730000
51.740000
51.750000
51.760000
51.770000
51.780000
51.790000
51.800000
51.810000
51.820000
51.830000
51.840000
51.850000
51.860000
51.870000
51.880000
51.890000
51.900000
51.910000
51.920000
51.930000
51.940000
51.950000
51.960000
51.970000
51.980000
51.990000
52.000000
52.010000
52.020000
52.030000
52.040000
52.050000
52.060000
52.070000
52.080000
52.090000
52.100000
52.110000
52.120000
52.130000
52.140000
52.150000
52.160000
52.170000
52.180000
52.190000
52.200000
52.210000
52.220000
52.230000
52.240000
52.250000
52.260000
52.270000
52.280000
52.290000
52.300000
52.310000
52.320000
52.330000
52.340000
52.350000
52.360000
52.370000
52.380000
52.390000
52.400000
52.410000
52.420000
52.430000
52.440000
52.450000
52.460000
52.470000
52.480000
52.490000
52.500000
52.510000
52.520000
52.530000
52.540000
52.550000
52.560000
52.570000
52.580000
52.590000
52.600000
52.610000
52.620000
52.630000
52.640000
52.650000
52.660000
52.670000
52.680000
52.690000
52.700000
52.710000
52.720000
52.730000
52.740000
52.750000
52.760000
52.770000
52.780000
52.790000
52.800000
52.810000
52.820000
52.830000
52.840000
52.850000
52.860000
52.870000
52.880000
52.890000
52.900000
52.910000
52.920000
52.930000
52.940000
52.950000
52.960000
52.970000
52.980000
52.990000
53.000000
53.010000
53.020000
53.030000
53.040000
53.050000
53.060000
53.070000
53.080000
53.090000
53.100000
53.110000
53.120000
53.130000
53.140000
53.150000
53.160000
53.170000
53.180000
53.190000
53.200000
53.210000
53.220000
53.230000
53.240000
53.250000
53.260000
53.270000
53.280000
53.290000
53.300000
53.310000
53.320000
53.330000
53.340000
53.350000
53.360000
53.370000
53.380000
53.390000
53.400000
53.410000
53.420000
53.430000
53.440000
53.450000
53.460000
53.470000
53.480000
53.490000
53.500000
53.510000
53.520000
53.530000
53.540000
53.550000
53.560000
53.570000
53.580000
53.590000
53.600000
53.610000
53.620000
53.630000
53.640000
53.650000
53.660000
53.670000
53.680000
53.690000
53.700000
53.710000
53.720000
53.730000
53.740000
53.750000
53.760000
53.770000
53.780000
53.790000
53.800000
53.810000
53.820000
53.830000
53.840000
53.850000
53.860000
53.870000
53.880000
53.890000
53.900000
53.910000
53.920000
53.930000
53.940000
53.950000
53.960000
53.970000
53.980000
53.990000
54.000000
54.010000
54.020000
54.030000
54.040000
54.050000
54.060000
54.070000
54.080000
54.090000
54.100000
54.110000
54.120000
54.130000
54.140000
54.150000
54.160000
54.170000
54.180000
54.190000
54.200000
54.210000
54.220000
54.230000
54.240000
54.250000
54.260000
54.270000
54.280000
54.290000
54.300000
54.310000
54.320000
54.330000
54.340000
54.350000
54.360000
54.370000
54.380000
54.390000
54.400000
54.410000
54.420000
54.430000
54.440000
54.450000
54.460000
54.470000
54.480000
54.490000
54.500000
54.510000
54.520000
54.530000
54.540000
54.550000
54.560000
54.570000
54.580000
54.590000
54.600000
54.610000
54.620000
54.630000
54.640000
54.650000
54.660000
54.670000
54.680000
54.690000
54.700000
54.710000
54.720000
54.730000
54.740000
54.750000
54.760000
54.770000
54.780000
54.790000
54.800000
54.810000
54.820000
54.830000
54.840000
54.850000
54.860000
54.870000
54.880000
54.890000
54.900000
54.910000
54.920000
54.930000
54.940000
54.950000
54.960000
54.970000
54.980000
54.990000
55.000000
55.010000
55.020000
55.030000
55.040000
55.050000
55.060000
55.070000
55.080000
55.090000
55.100000
55.110000
55.120000
55.130000
55.140000
55.150000
55.160000
55.170000
55.180000
55.190000
55.200000
55.210000
55.220000
55.230000
55.240000
55.250000
55.260000
55.270000
55.280000
55.290000
55.300000
55.310000
55.320000
55.330000
55.340000
55.350000
55.360000
55.370000
55.380000
55.390000
55.400000
55.410000
55.420000
55.430000
55.440000
55.450000
55.460000
55.470000
55.480000
55.490000
55.500000
55.510000
55.520000
55.530000
55.540000
55.550000
55.560000
55.570000
55.580000
55.590000
55.600000
55.610000
55.620000
55.630000
55.640000
55.650000
55.660000
55.670000
55.680000
55.690000
55.700000
55.710000
55.720000
55.730000
55.740000
55.750000
55.760000
55.770000
55.780000
55.790000
55.800000
55.810000
55.820000
55.830000
55.840000
55.850000
55.860000
55.870000
55.880000
55.890000
55.900000
55.910000
55.920000
55.930000
55.940000
55.950000
55.960000
55.970000
55.980000
55.990000
56.000000
56.010000
56.020000
56.030000
56.040000
56.050000
56.060000
56.070000
56.080000
56.090000
56.100000
56.110000
56.120000
56.130000
56.140000
56.150000
56.160000
56.170000
56.180000
56.190000
56.200000
56.210000
56.220000
56.230000
56.240000
56.250000
56.260000
56.270000
56.280000
56.290000
56.300000
56.310000
56.320000
56.330000
56.340000
56.350000
56.360000
56.370000
56.380000
56.390000
56.400000
56.410000
56.420000
56.430000
56.440000
56.450000
56.460000
56.470000
56.480000
56.490000
56.500000
56.510000
56.520000
56.530000
56.540000
56.550000
56.560000
56.570000
56.580000
56.590000
56.600000
56.610000
56.620000
56.630000
56.640000
56.650000
56.660000
56.670000
56.680000
56.690000
56.700000
56.710000
56.720000
56.730000
56.740000
56.750000
56.760000
56.770000
56.780000
56.790000
56.800000
56.810000
56.820000
56.830000
56.840000
56.850000
56.860000
56.870000
56.880000
56.890000
56.900000
56.910000
56.920000
56.930000
56.940000
56.950000
56.960000
56.970000
56.980000
56.990000
57.000000
57.010000
57.020000
57.030000
57.040000
57.050000
57.060000
57.070000
57.080000
57.090000
57.100000
57.110000
57.120000
57.130000
57.140000
57.150000
57.160000
57.170000
57.180000
57.190000
57.200000
57.210000
57.220000
57.230000
57.240000
57.250000
57.260000
57.270000
57.280000
57.290000
57.300000
57.310000
57.320000
57.330000
57.340000
57.350000
57.360000
57.370000
57.380000
57.390000
57.400000
57.410000
57.420000
57.430000
57.440000
57.450000
57.460000
57.470000
57.480000
57.490000
57.500000
57.510000
57.520000
57.530000
57.540000
57.550000
57.560000
57.570000
57.580000
57.590000
57.600000
57.610000
57.620000
57.630000
57.640000
57.650000
57.660000
57.670000
57.680000
57.690000
57.700000
57.710000
57.720000
57.730000
57.740000
57.750000
57.760000
57.770000
57.780000
57.790000
57.800000
57.810000
57.820000
57.830000
57.840000
57.850000
57.860000
57.870000
57.880000
57.890000
57.900000
57.910000
57.920000
57.930000
57.940000
57.950000
57.960000
57.970000
57.980000
57.990000
58.000000
58.010000
58.020000
58.030000
58.040000
58.050000
58.060000
58.070000
58.080000
58.090000
58.100000
58.110000
58.120000
58.130000
58.140000
58.150000
58.160000
58.170000
58.180000
58.190000
58.200000
58.210000
58.220000
58.230000
58.240000
58.250000
58.260000
58.270000
58.280000
58.290000
58.300000
58.310000
58.320000
58.330000
58.340000
58.350000
58.360000
58.370000
58.380000
58.390000
58.400000
58.410000
58.420000
58.430000
58.440000
58.450000
58.460000
58.470000
58.480000
58.490000
58.500000
58.510000
58.520000
58.530000
58.540000
58.550000
58.560000
58.570000
58.580000
58.590000
58.600000
58.610000
58.620000
58.630000
58.640000
58.650000
58.660000
58.670000
58.680000
58.690000
58.700000
58.710000
58.720000
58.730000
58.740000
58.750000
58.760000
58.770000
58.780000
58.790000
58.800000
58.810000
58.820000
58.830000
58.840000
58.850000
58.860000
58.870000
58.880000
58.890000
58.900000
58.910000
58.920000
58.930000
58.940000
58.950000
58.960000
58.970000
58.980000
58.990000
59.000000
59.010000
59.020000
59.030000
59.040000
59.050000
59.060000
59.070000
59.080000
59.090000
59.100000
59.110000
59.120000
59.130000
59.140000
59.150000
59.160000
59.170000
59.180000
59.190000
59.200000
59.210000
59.220000
59.230000
59.240000
59.250000
59.260000
59.270000
59.280000
59.290000
59.300000
59.310000
59.320000
59.330000
59.340000
59.350000
59.360000
59.370000
59.380000
59.390000
59.400000
59.410000
59.420000
59.430000
59.440000
59.450000
59.460000
59.470000
59.480000
59.490000
59.500000
59.510000
59.520000
59.530000
59.540000
59.550000
59.560000
59.570000
59.580000
59.590000
59.600000
59.610000
59.620000
59.630000
59.640000
59.650000
59.660000
59.670000
59.680000
59.690000
59.700000
59.710000
59.720000
59.730000
59.740000
59.750000
59.760000
59.770000
59.780000
59.790000
59.800000
59.810000
59.820000
59.830000
59.840000
59.850000
59.860000
59.870000
59.880000
59.890000
59.900000
59.910000
59.920000
59.930000
59.940000
59.950000
59.960000
59.970000
59.980000
59.990000
60.000000
60.010000
60.020000
60.030000
60.040000
60.050000
60.060000
60.070000
60.080000
60.090000
60.100000
60.110000
60.120000
60.130000
60.140000
60.150000
60.160000
60.170000
60.180000
60.190000
60.200000
60.210000
60.220000
60.230000
60.240000
60.250000
60.260000
60.270000
60.280000
60.290000
60.300000
60.310000
60.320000
60.330000
60.340000
60.350000
60.360000
60.370000
60.380000
60.390000
60.400000
60.410000
60.420000
60.430000
60.440000
60.450000
60.460000
60.470000
60.480000
60.490000
60.500000
60.510000
60.520000
60.530000
60.540000
60.550000
60.560000
60.570000
60.580000
60.590000
60.600000
60.610000
60.620000
60.630000
60.640000
60.650000
60.660000
60.670000
60.680000
60.690000
60.700000
60.710000
60.720000
60.730000
60.740000
60.750000
60.760000
60.770000
60.780000
60.790000
60.800000
60.810000
60.820000
60.830000
60.840000
60.850000
60.860000
60.870000
60.880000
60.890000
60.900000
60.910000
60.920000
60.930000
60.940000
60.950000
60.960000
60.970000
60.980000
60.990000
61.000000
61.010000
61.020000
61.030000
61.040000
61.050000
61.060000
61.070000
61.080000
61.090000
61.100000
61.110000
61.120000
61.130000
61.140000
61.150000
61.160000
61.170000
61.180000
61.190000
61.200000
61.210000
61.220000
61.230000
61.240000
61.250000
61.260000
61.270000
61.280000
61.290000
61.300000
61.310000
61.320000
61.330000
61.340000
61.350000
61.360000
61.370000
61.380000
61.390000
61.400000
61.410000
61.420000
61.430000
61.440000
61.450000
61.460000
61.470000
61.480000
61.490000
61.500000
61.510000
61.520000
61.530000
61.540000
61.550000
61.560000
61.570000
61.580000
61.590000
61.600000
61.610000
61.620000
61.630000
61.640000
61.650000
61.660000
61.670000
61.680000
61.690000
61.700000
61.710000
61.720000
61.730000
61.740000
61.750000
61.760000
61.770000
61.780000
61.790000
61.800000
61.810000
61.820000
61.830000
61.840000
61.850000
61.860000
61.870000
61.880000
61.890000
61.900000
61.910000
61.920000
61.930000
61.940000
61.950000
61.960000
61.970000
61.980000
61.990000
62.000000
62.010000
62.020000
62.030000
62.040000
62.050000
62.060000
62.070000
62.080000
62.090000
62.100000
62.110000
62.120000
62.130000
62.140000
62.150000
62.160000
62.170000
62.180000
62.190000
62.200000
62.210000
62.220000
62.230000
62.240000
62.250000
62.260000
62.270000
62.280000
62.290000
62.300000
62.310000
62.320000
62.330000
62.340000
62.350000
62.360000
62.370000
62.380000
62.390000
62.400000
62.410000
62.420000
62.430000
62.440000
62.450000
62.460000
62.470000
62.480000
62.490000
62.500000
62.510000
62.520000
62.530000
62.540000
62.550000
62.560000
62.570000
62.580000
62.590000
62.600000
62.610000
62.620000
62.630000
62.640000
62.650000
62.660000
62.670000
62.680000
62.690000
62.700000
62.710000
62.720000
62.730000
62.740000
62.750000
62.760000
62.770000
62.780000
62.790000
62.800000
62.810000
62.820000
62.830000
62.840000
62.850000
62.860000
62.870000
62.880000
62.890000
62.900000
62.910000
62.920000
62.930000
62.940000
62.950000
62.960000
62.970000
62.980000
62.990000
63.000000
63.010000
63.020000
63.030000
63.040000
63.050000
63.060000
63.070000
63.080000
63.090000
63.100000
63.110000
63.120000
63.130000
63.140000
63.150000
63.160000
63.170000
63.180000
63.190000
63.200000
63.210000
63.220000
63.230000
63.240000
63.250000
63.260000
63.270000
63.280000
63.290000
63.300000
63.310000
63.320000
63.330000
63.340000
63.350000
63.360000
63.370000
63.380000
63.390000
63.400000
63.410000
63.420000
63.430000
63.440000
63.450000
63.460000
63.470000
63.480000
63.490000
63.500000
63.510000
63.520000
63.530000
63.540000
63.550000
63.560000
63.570000
63.580000
63.590000
63.600000
63.610000
63.620000
63.630000
63.640000
63.650000
63.660000
63.670000
63.680000
63.690000
63.700000
63.710000
63.720000
63.730000
63.740000
63.750000
63.760000
63.770000
63.780000
63.790000
63.800000
63.810000
63.820000
63.830000
63.840000
63.850000
63.860000
63.870000
63.880000
63.890000
63.900000
63.910000
63.920000
63.930000
63.940000
63.950000
63.960000
63.970000
63.980000
63.990000
64.000000
64.010000
64.020000
64.030000
64.040000
64.050000
64.060000
64.070000
64.080000
64.090000
64.100000
64.110000
64.120000
64.130000
64.140000
64.150000
64.160000
64.170000
64.180000
64.190000
64.200000
64.210000
64.220000
64.230000
64.240000
64.250000
64.260000
64.270000
64.280000
64.290000
64.300000
64.310000
64.320000
64.330000
64.340000
64.350000
64.360000
64.370000
64.380000
64.390000
64.400000
64.410000
64.420000
64.430000
64.440000
64.450000
64.460000
64.470000
64.480000
64.490000
64.500000
64.510000
64.520000
64.530000
64.540000
64.550000
64.560000
64.570000
64.580000
64.590000
64.600000
64.610000
64.620000
64.630000
64.640000
64.650000
64.660000
64.670000
64.680000
64.690000
64.700000
64.710000
64.720000
64.730000
64.740000
64.750000
64.760000
64.770000
64.780000
64.790000
64.800000
64.810000
64.820000
64.830000
64.840000
64.850000
64.860000
64.870000
64.880000
64.890000
64.900000
64.910000
64.920000
64.930000
64.940000
64.950000
64.960000
64.970000
64.980000
64.990000
65.000000
65.010000
65.020000
65.030000
65.040000
65.050000
65.060000
65.070000
65.080000
65.090000
65.100000
65.110000
65.120000
65.130000
65.140000
65.150000
65.160000
65.170000
65.180000
65.190000
65.200000
65.210000
65.220000
65.230000
65.240000
65.250000
65.260000
65.270000
65.280000
65.290000
65.300000
65.310000
65.320000
65.330000
65.340000
65.350000
65.360000
65.370000
65.380000
65.390000
65.400000
65.410000
65.420000
65.430000
65.440000
65.450000
65.460000
65.470000
65.480000
65.490000
65.500000
65.510000
65.520000
65.530000
65.540000
65.550000
65.560000
65.570000
65.580000
65.590000
65.600000
65.610000
65.620000
65.630000
65.640000
65.650000
65.660000
65.670000
65.680000
65.690000
65.700000
65.710000
65.720000
65.730000
65.740000
65.750000
65.760000
65.770000
65.780000
65.790000
65.800000
65.810000
65.820000
65.830000
65.840000
65.850000
65.860000
65.870000
65.880000
65.890000
65.900000
65.910000
65.920000
65.930000
65.940000
65.950000
65.960000
65.970000
65.980000
65.990000
66.000000
66.010000
66.020000
66.030000
66.040000
66.050000
66.060000
66.070000
66.080000
66.090000
66.100000
66.110000
66.120000
66.130000
66.140000
66.150000
66.160000
66.170000
66.180000
66.190000
66.200000
66.210000
66.220000
66.230000
66.240000
66.250000
66.260000
66.270000
66.280000
66.290000
66.300000
66.310000
66.320000
66.330000
66.340000
66.350000
66.360000
66.370000
66.380000
66.390000
66.400000
66.410000
66.420000
66.430000
66.440000
66.450000
66.460000
66.470000
66.480000
66.490000
66.500000
66.510000
66.520000
66.530000
66.540000
66.550000
66.560000
66.570000
66.580000
66.590000
66.600000
66.610000
66.620000
66.630000
66.640000
66.650000
66.660000
66.670000
66.680000
66.690000
66.700000
66.710000
66.720000
66.730000
66.740000
66.750000
66.760000
66.770000
66.780000
66.790000
66.800000
66.810000
66.820000
66.830000
66.840000
66.850000
66.860000
66.870000
66.880000
66.890000
66.900000
66.910000
66.920000
66.930000
66.940000
66.950000
66.960000
66.970000
66.980000
66.990000
67.000000
67.010000
67.020000
67.030000
67.040000
67.050000
67.060000
67.070000
67.080000
67.090000
67.100000
67.110000
67.120000
67.130000
67.140000
67.150000
67.160000
67.170000
67.180000
67.190000
67.200000
67.210000
67.220000
67.230000
67.240000
67.250000
67.260000
67.270000
67.280000
67.290000
67.300000
67.310000
67.320000
67.330000
67.340000
67.350000
67.360000
67.370000
67.380000
67.390000
67.400000
67.410000
67.420000
67.430000
67.440000
67.450000
67.460000
67.470000
67.480000
67.490000
67.500000
67.510000
67.520000
67.530000
67.540000
67.550000
67.560000
67.570000
67.580000
67.590000
67.600000
67.610000
67.620000
67.630000
67.640000
67.650000
67.660000
67.670000
67.680000
67.690000
67.700000
67.710000
67.720000
67.730000
67.740000
67.750000
67.760000
67.770000
67.780000
67.790000
67.800000
67.810000
67.820000
67.830000
67.840000
67.850000
67.860000
67.870000
67.880000
67.890000
67.900000
67.910000
67.920000
67.930000
67.940000
67.950000
67.960000
67.970000
67.980000
67.990000
68.000000
68.010000
68.020000
68.030000
68.040000
68.050000
68.060000
68.070000
68.080000
68.090000
68.100000
68.110000
68.120000
68.130000
68.140000
68.150000
68.160000
68.170000
68.180000
68.190000
68.200000
68.210000
68.220000
68.230000
68.240000
68.250000
68.260000
68.270000
68.280000
68.290000
68.300000
68.310000
68.320000
68.330000
68.340000
68.350000
68.360000
68.370000
68.380000
68.390000
68.400000
68.410000
68.420000
68.430000
68.440000
68.450000
68.460000
68.470000
68.480000
68.490000
68.500000
68.510000
68.520000
68.530000
68.540000
68.550000
68.560000
68.570000
68.580000
68.590000
68.600000
68.610000
68.620000
68.630000
68.640000
68.650000
68.660000
68.670000
68.680000
68.690000
68.700000
68.710000
68.720000
68.730000
68.740000
68.750000
68.760000
68.770000
68.780000
68.790000
68.800000
68.810000
68.820000
68.830000
68.840000
68.850000
68.860000
68.870000
68.880000
68.890000
68.900000
68.910000
68.920000
68.930000
68.940000
68.950000
68.960000
68.970000
68.980000
68.990000
69.000000
69.010000
69.020000
69.030000
69.040000
69.050000
69.060000
69.070000
69.080000
69.090000
69.100000
69.110000
69.120000
69.130000
69.140000
69.150000
69.160000
69.170000
69.180000
69.190000
69.200000
69.210000
69.220000
69.230000
69.240000
69.250000
69.260000
69.270000
69.280000
69.290000
69.300000
69.310000
69.320000
69.330000
69.340000
69.350000
69.360000
69.370000
69.380000
69.390000
69.400000
69.410000
69.420000
69.430000
69.440000
69.450000
69.460000
69.470000
69.480000
69.490000
69.500000
69.510000
69.520000
69.530000
69.540000
69.550000
69.560000
69.570000
69.580000
69.590000
69.600000
69.610000
69.620000
69.630000
69.640000
69.650000
69.660000
69.670000
69.680000
69.690000
69.700000
69.710000
69.720000
69.730000
69.740000
69.750000
69.760000
69.770000
69.780000
69.790000
69.800000
69.810000
69.820000
69.830000
69.840000
69.850000
69.860000
69.870000
69.880000
69.890000
69.900000
69.910000
69.920000
69.930000
69.940000
69.950000
69.960000
69.970000
69.980000
69.990000
70.000000
70.010000
70.020000
70.030000
70.040000
70.050000
70.060000
70.070000
70.080000
70.090000
70.100000
70.110000
70.120000
70.130000
70.140000
70.150000
70.160000
70.170000
70.180000
70.190000
70.200000
70.210000
70.220000
70.230000
70.240000
70.250000
70.260000
70.270000
70.280000
70.290000
70.300000
70.310000
70.320000
70.330000
70.340000
70.350000
70.360000
70.370000
70.380000
70.390000
70.400000
70.410000
70.420000
70.430000
70.440000
70.450000
70.460000
70.470000
70.480000
70.490000
70.500000
70.510000
70.520000
70.530000
70.540000
70.550000
70.560000
70.570000
70.580000
70.590000
70.600000
70.610000
70.620000
70.630000
70.640000
70.650000
70.660000
70.670000
70.680000
70.690000
70.700000
70.710000
70.720000
70.730000
70.740000
70.750000
70.760000
70.770000
70.780000
70.790000
70.800000
70.810000
70.820000
70.830000
70.840000
70.850000
70.860000
70.870000
70.880000
70.890000
70.900000
70.910000
70.920000
70.930000
70.940000
70.950000
70.960000
70.970000
70.980000
70.990000
71.000000
71.010000
71.020000
71.030000
71.040000
71.050000
71.060000
71.070000
71.080000
71.090000
71.100000
71.110000
71.120000
71.130000
71.140000
71.150000
71.160000
71.170000
71.180000
71.190000
71.200000
71.210000
71.220000
71.230000
71.240000
71.250000
71.260000
71.270000
71.280000
71.290000
71.300000
71.310000
71.320000
71.330000
71.340000
71.350000
71.360000
71.370000
71.380000
71.390000
71.400000
71.410000
71.420000
71.430000
71.440000
71.450000
71.460000
71.470000
71.480000
71.490000
71.500000
71.510000
71.520000
71.530000
71.540000
71.550000
71.560000
71.570000
71.580000
71.590000
71.600000
71.610000
71.620000
71.630000
71.640000
71.650000
71.660000
71.670000
71.680000
71.690000
71.700000
71.710000
71.720000
71.730000
71.740000
71.750000
71.760000
71.770000
71.780000
71.790000
71.800000
71.810000
71.820000
71.830000
71.840000
71.850000
71.860000
71.870000
71.880000
71.890000
71.900000
71.910000
71.920000
71.930000
71.940000
71.950000
71.960000
71.970000
71.980000
71.990000
72.000000
72.010000
72.020000
72.030000
72.040000
72.050000
72.060000
72.070000
72.080000
72.090000
72.100000
72.110000
72.120000
72.130000
72.140000
72.150000
72.160000
72.170000
72.180000
72.190000
72.200000
72.210000
72.220000
72.230000
72.240000
72.250000
72.260000
72.270000
72.280000
72.290000
72.300000
72.310000
72.320000
72.330000
72.340000
72.350000
72.360000
72.370000
72.380000
72.390000
72.400000
72.410000
72.420000
72.430000
72.440000
72.450000
72.460000
72.470000
72.480000
72.490000
72.500000
72.510000
72.520000
72.530000
72.540000
72.550000
72.560000
72.570000
72.580000
72.590000
72.600000
72.610000
72.620000
72.630000
72.640000
72.650000
72.660000
72.670000
72.680000
72.690000
72.700000
72.710000
72.720000
72.730000
72.740000
72.750000
72.760000
72.770000
72.780000
72.790000
72.800000
72.810000
72.820000
72.830000
72.840000
72.850000
72.860000
72.870000
72.880000
72.890000
72.900000
72.910000
72.920000
72.930000
72.940000
72.950000
72.960000
72.970000
72.980000
72.990000
73.000000
73.010000
73.020000
73.030000
73.040000
73.050000
73.060000
73.070000
73.080000
73.090000
73.100000
73.110000
73.120000
73.130000
73.140000
73.150000
73.160000
73.170000
73.180000
73.190000
73.200000
73.210000
73.220000
73.230000
73.240000
73.250000
73.260000
73.270000
73.280000
73.290000
73.300000
73.310000
73.320000
73.330000
73.340000
73.350000
73.360000
73.370000
73.380000
73.390000
73.400000
73.410000
73.420000
73.430000
73.440000
73.450000
73.460000
73.470000
73.480000
73.490000
73.500000
73.510000
73.520000
73.530000
73.540000
73.550000
73.560000
73.570000
73.580000
73.590000
73.600000
73.610000
73.620000
73.630000
73.640000
73.650000
73.660000
73.670000
73.680000
73.690000
73.700000
73.710000
73.720000
73.730000
73.740000
73.750000
73.760000
73.770000
73.780000
73.790000
73.800000
73.810000
73.820000
73.830000
73.840000
73.850000
73.860000
73.870000
73.880000
