# AOA angles from 4 beacons (rad)
-2.734407 -1.989607 -1.355595 2.927311
-2.652776 -1.905359 -1.136070 2.806825
-2.620763 -1.738110 -0.977995 2.700858
-2.552332 -1.698915 -0.852080 2.506196
-2.485924 -1.671003 -0.731713 1.972602
-2.415357 -1.500991 -0.608807 1.180265
-2.295389 -1.418746 -0.539214 0.628587
-2.219527 -1.311726 -0.522177 0.423290
-2.062490 -1.284147 -0.492964 0.324953
-1.848937 -1.164406 -0.388892 0.184684
-2.808010 -1.973037 -1.268153 2.664686
-2.797669 -1.969395 -1.038748 2.547882
-2.633133 -1.823742 -0.876483 2.362676
-2.690525 -1.769874 -0.762071 2.168484
-2.647762 -1.551238 -0.627847 1.831156
-2.558299 -1.558838 -0.563755 1.345730
-2.399362 -1.392903 -0.402997 0.962529
-2.338294 -1.334617 -0.384291 0.690720
-2.118152 -1.233975 -0.408800 0.515002
-1.863011 -1.065959 -0.338213 0.416887
-2.834007 -2.106371 -1.157974 2.483521
-2.911267 -1.996024 -0.896910 2.409448
-2.883989 -1.882150 -0.662818 2.305880
-2.812450 -1.762655 -0.536760 1.998932
-2.743021 -1.635653 -0.380779 1.784372
-2.655375 -1.493473 -0.426285 1.395682
-2.686322 -1.396504 -0.331295 1.133608
-2.468992 -1.309050 -0.310174 0.941436
-2.285643 -1.161726 -0.291755 0.763398
-2.048525 -1.067342 -0.282982 0.588896
-2.983623 -2.093785 -0.906045 2.319664
-3.033874 -1.975881 -0.601805 2.303961
-2.964183 -1.913576 -0.434137 2.150561
-2.933698 -1.731903 -0.318863 1.948952
-2.855710 -1.696786 -0.328421 1.635525
-2.873330 -1.484700 -0.215668 1.454998
-2.806566 -1.345108 -0.216776 1.217922
-2.704017 -1.226436 -0.144539 1.072277
-2.539427 -1.086140 -0.102860 0.818935
-2.232934 -1.044821 -0.169917 0.756883
-3.103821 -2.165523 -0.404842 2.286773
-3.075227 -2.090845 -0.220133 2.140882
-3.113715 -1.946183 -0.172865 2.014714
-3.063745 -1.760939 -0.117429 1.875800
-3.047346 -1.662240 -0.081407 1.657275
-3.069454 -1.541792 -0.184934 1.454572
-3.023974 -1.303021 -0.058030 1.309395
-2.933935 -1.198720 -0.010670 1.121542
-2.888250 -1.070457 -0.014674 0.888046
-2.716269 -0.972368 -0.024669 0.873374
3.056217 -2.334791 0.387199 2.201962
3.105997 -2.163410 0.180541 2.087569
3.092819 -2.108762 0.118291 1.948065
3.028863 -1.846834 0.184199 1.753310
3.039981 -1.623563 0.075346 1.630026
2.994642 -1.457964 0.053296 1.444572
2.999339 -1.269620 0.051440 1.316256
2.972099 -1.126943 0.054831 1.144408
2.905545 -0.950144 -0.005672 1.057389
2.693033 -0.844050 0.091668 0.925861
3.011342 -2.417892 0.837769 2.161509
2.992200 -2.280237 0.643174 2.049221
2.944205 -2.104697 0.438941 1.941485
2.972946 -1.928122 0.312789 1.776304
2.925914 -1.727551 0.284309 1.633502
2.777249 -1.502415 0.207956 1.551741
2.786271 -1.212316 0.213016 1.390449
2.697530 -0.993440 0.245308 1.251362
2.566585 -0.899326 0.192772 1.136518
2.217216 -0.761362 0.102403 1.066187
2.913379 -2.532497 1.102471 2.074801
2.836398 -2.418011 0.840259 1.933899
2.844452 -2.275035 0.636913 1.881324
2.797083 -2.038489 0.553691 1.735765
2.804257 -1.770016 0.379959 1.567267
2.648382 -1.425399 0.361243 1.478117
2.593472 -1.118702 0.350214 1.499199
2.476576 -0.895567 0.310248 1.287132
2.304299 -0.775705 0.253206 1.143633
1.993220 -0.614701 0.238462 1.064028
2.793716 -2.787739 1.200317 1.999871
2.792053 -2.649542 1.038744 1.940632
2.697278 -2.463340 0.855801 1.857601
2.673890 -2.215723 0.707776 1.713775
2.638096 -1.761210 0.656680 1.636344
2.559548 -1.297807 0.529247 1.503640
2.397402 -0.980990 0.504446 1.390974
2.298408 -0.752133 0.397817 1.277478
2.080093 -0.507094 0.351862 1.155084
1.832776 -0.429624 0.322257 1.095791
2.727598 -2.892049 1.354572 1.986951
2.709838 -2.817370 1.086514 1.953962
2.657433 -2.706875 0.974841 1.827174
2.619733 -2.491013 0.811383 1.734810
2.541955 -1.964636 0.724112 1.593529
2.424866 -1.067221 0.585556 1.572837
2.352266 -0.665994 0.561213 1.386299
2.145919 -0.414938 0.551834 1.426785
1.997722 -0.359802 0.404270 1.260779
1.870899 -0.227715 0.452212 1.195925
