# GDOP for AOA
11.239342
11.474054
12.220895
12.806550
12.105891
12.105891
12.806550
12.220895
11.474054
11.239342
11.474054
12.563953
13.411266
12.372784
10.714102
10.714102
12.372784
13.411266
12.563953
11.474054
12.220895
13.411266
12.688731
11.012282
9.970553
9.970553
11.012282
12.688731
13.411266
12.220895
12.806550
12.372784
11.012282
10.145574
9.817492
9.817492
10.145574
11.012282
12.372784
12.806550
12.105891
10.714102
9.970553
9.817492
9.933968
9.933968
9.817492
9.970553
10.714102
12.105891
12.105891
10.714102
9.970553
9.817492
9.933968
9.933968
9.817492
9.970553
10.714102
12.105891
12.806550
12.372784
11.012282
10.145574
9.817492
9.817492
10.145574
11.012282
12.372784
12.806550
12.220895
13.411266
12.688731
11.012282
9.970553
9.970553
11.012282
12.688731
13.411266
12.220895
11.474054
12.563953
13.411266
12.372784
10.714102
10.714102
12.372784
13.411266
12.563953
11.474054
11.239342
11.474054
12.220895
12.806550
12.105891
12.105891
12.806550
12.220895
11.474054
11.239342
