# GDOP for TDOA
1.929617
1.574967
1.292274
1.045160
0.854587
0.897288
1.135522
1.399700
1.704507
2.114918
1.570130
1.276146
1.065239
0.910452
0.824590
0.841400
0.953125
1.124264
1.356730
1.703265
1.346460
1.114187
0.966553
0.868466
0.817643
0.821058
0.877340
0.980488
1.141050
1.415877
1.184081
1.017964
0.921039
0.856465
0.819992
0.814104
0.839928
0.897638
0.995838
1.185976
1.052638
0.965638
0.902807
0.855209
0.824252
0.812988
0.823627
0.856429
0.911228
0.998807
1.052638
0.965638
0.902807
0.855209
0.824252
0.812988
0.823627
0.856429
0.911228
0.998807
1.184081
1.017964
0.921039
0.856465
0.819992
0.814104
0.839928
0.897638
0.995838
1.185976
1.346460
1.114187
0.966553
0.868466
0.817643
0.821058
0.877340
0.980488
1.141050
1.415877
1.570130
1.276146
1.065239
0.910452
0.824590
0.841400
0.953125
1.124264
1.356730
1.703265
1.929617
1.574967
1.292274
1.045160
0.854587
0.897288
1.135522
1.399700
1.704507
2.114918
