# GDOP for TOA
1.009356
1.000098
1.004413
1.022430
1.068818
1.068818
1.022430
1.004413
1.000098
1.009356
1.000098
1.006021
1.018285
1.030268
1.039772
1.039772
1.030268
1.018285
1.006021
1.000098
1.004413
1.018285
1.022078
1.018267
1.014444
1.014444
1.018267
1.022078
1.018285
1.004413
1.022430
1.030268
1.018267
1.007227
1.002668
1.002668
1.007227
1.018267
1.030268
1.022430
1.068818
1.039772
1.014444
1.002668
1.000121
1.000121
1.002668
1.014444
1.039772
1.068818
1.068818
1.039772
1.014444
1.002668
1.000121
1.000121
1.002668
1.014444
1.039772
1.068818
1.022430
1.030268
1.018267
1.007227
1.002668
1.002668
1.007227
1.018267
1.030268
1.022430
1.004413
1.018285
1.022078
1.018267
1.014444
1.014444
1.018267
1.022078
1.018285
1.004413
1.000098
1.006021
1.018285
1.030268
1.039772
1.039772
1.030268
1.018285
1.006021
1.000098
1.009356
1.000098
1.004413
1.022430
1.068818
1.068818
1.022430
1.004413
1.000098
1.009356
