# TDOA range differences relative to beacon 0 (m)
-0.195104 11.321286 11.464288
-1.043456 9.277329 11.455939
-1.975475 6.808593 11.679433
-3.299004 4.046475 11.713196
-4.442274 1.393662 11.352046
-5.800242 -1.555191 9.902741
-7.471480 -4.242252 7.427269
-8.866947 -6.808354 4.827938
-10.240311 -9.248426 2.142639
-11.377753 -11.544866 -0.020544
0.964740 12.456405 10.221249
0.035687 10.241663 9.976457
-1.061064 7.469955 10.094224
-2.341595 4.601650 9.503983
-3.755197 1.389736 8.563834
-5.217574 -1.573709 7.196722
-6.691968 -4.473114 4.952133
-8.496510 -7.424461 2.654553
-10.086274 -10.030939 -0.205017
-11.600244 -12.542121 -2.211097
2.037755 13.689688 9.052502
1.027001 10.772237 8.462291
-0.109679 8.181854 8.288669
-1.302384 4.835371 7.123867
-2.705459 1.623674 6.062621
-4.308165 -1.575651 4.336653
-6.138720 -4.833497 2.559752
-8.151549 -7.911780 -0.032853
-9.720158 -10.943067 -2.425610
-11.563073 -13.484801 -4.793034
3.218267 14.741469 7.276798
2.121192 11.756684 6.881659
1.288209 8.553159 6.027187
-0.082225 5.161423 5.225630
-1.326727 1.671558 3.834444
-3.345757 -1.948338 2.111764
-5.159153 -5.121514 0.082053
-7.494718 -8.593951 -2.337660
-9.547719 -11.963848 -5.082040
-11.831227 -14.770296 -7.579714
4.475887 15.685614 6.003792
3.721286 12.473237 5.128932
2.681456 9.039275 4.445040
1.372959 5.311442 3.464247
-0.085154 1.837299 1.879270
-1.920247 -1.634355 0.089518
-3.979752 -5.340541 -2.096381
-6.223547 -8.711973 -4.530246
-8.705202 -12.320379 -7.308691
-11.341057 -15.858637 -9.952148
5.888360 15.802591 4.434813
5.287439 12.349648 3.639976
4.468059 8.970347 2.685523
3.120734 5.334353 1.648264
1.794907 1.593245 0.051541
0.053803 -1.874172 -1.747213
-2.150394 -5.307598 -3.796765
-4.256179 -8.886079 -6.328461
-6.946846 -12.348417 -8.694078
-10.046604 -15.774574 -11.291194
7.335753 14.692560 3.053423
6.857503 12.054055 2.369535
6.192602 8.675962 1.218884
5.044828 5.049676 -0.020110
3.801503 1.782076 -1.488517
2.004101 -1.726946 -3.091678
0.044781 -5.135365 -5.086318
-2.293830 -8.628187 -7.447340
-5.094733 -11.610919 -9.309762
-7.455523 -14.829046 -11.826498
8.801959 13.687145 1.919359
8.503436 10.991388 1.072124
8.097733 8.104085 0.102584
7.136936 4.816843 -1.243045
6.162097 1.509723 -2.758899
4.243828 -1.584072 -4.178297
2.603109 -4.845196 -5.938153
-0.048975 -7.907302 -7.995054
-2.514250 -10.978568 -9.963902
-4.859811 -13.856060 -11.834019
10.088649 12.538246 1.082022
10.200267 10.027731 -0.086232
9.872008 7.258441 -1.085423
9.541220 4.631395 -2.515596
8.637119 1.515802 -3.704666
7.238712 -1.487070 -5.124859
4.820880 -4.449875 -6.774815
2.521511 -7.486377 -8.489530
0.022312 -10.033651 -10.195304
-2.237814 -12.471915 -11.488629
11.440531 11.486776 0.076682
11.585848 9.307462 -0.995011
11.643377 6.744663 -2.062389
11.651743 4.128460 -3.110435
11.403702 1.454644 -4.605645
9.979981 -1.511080 -5.917477
7.503845 -3.983518 -7.389559
4.754650 -6.794978 -8.960034
2.354632 -9.234263 -10.186942
0.018036 -11.517110 -11.328875
