# ranges to 4 beacons (m)
19.728187 19.593717 8.321256 8.340268
18.165358 19.051709 8.959848 6.582503
16.634128 18.525127 9.696993 4.838500
14.900093 18.258057 10.965444 3.321939
13.523438 18.043803 12.212008 2.210995
12.060977 17.994420 13.661263 2.102052
10.817675 18.150224 15.067268 3.314203
9.755679 18.603138 16.480939 4.919391
8.895199 19.089759 18.154117 6.525903
8.155663 19.659899 19.827638 8.210585
19.088548 18.111352 6.476337 8.702518
17.392522 17.396594 7.415181 7.362773
15.791135 16.797813 8.194397 5.731511
14.139195 16.358645 9.575835 4.562935
12.535912 16.423350 11.046087 3.979218
10.942766 16.339714 12.579785 3.865280
9.775280 16.455938 14.100560 4.652728
8.219031 16.683219 15.892713 6.005435
7.278750 17.358250 17.408352 7.420010
6.502339 18.179169 18.912466 8.850187
18.518194 16.536123 4.891371 9.631387
16.760964 15.759180 5.953654 8.268569
14.936972 14.966040 7.327507 6.985840
13.325082 14.664008 8.652748 6.205888
11.808148 14.573041 10.152872 5.661393
10.175913 14.395463 11.649753 5.745332
8.601386 14.693783 13.394550 6.152062
7.077391 14.937073 15.145545 7.287318
5.891334 15.900851 16.937776 8.385386
4.755883 16.590109 18.521514 9.856950
18.347582 15.045223 3.263440 10.751175
16.470376 14.119627 4.665534 9.778992
14.631442 13.505144 6.269258 8.598302
12.838472 12.931824 7.951279 7.728774
11.266077 12.930583 9.472821 7.186657
9.413924 12.741781 11.263084 7.414636
7.879147 12.967246 12.997332 7.732666
6.245363 13.224461 14.558889 8.426795
4.617231 14.247782 16.449152 9.533631
3.372616 14.877416 18.243928 10.839438
18.003010 13.544635 2.224827 12.256931
16.281435 12.736391 4.088642 11.039997
14.312812 11.553696 5.514479 10.091461
12.716350 11.272582 7.353083 9.599723
10.919432 10.908069 9.076421 9.197399
9.247924 10.741969 10.891549 8.955288
7.629050 11.254154 12.641860 9.539846
5.557380 11.850776 14.634663 10.040314
3.906767 12.697762 16.210380 10.938947
2.109978 13.343122 17.939312 12.149631
18.060438 12.180518 2.218277 13.715276
16.279987 11.038173 3.804391 12.631308
14.497973 10.047359 5.645202 11.615512
12.590604 9.564777 7.586739 11.093004
10.797003 9.112008 9.102310 11.006370
9.208482 9.230662 10.969920 10.756550
7.458391 9.517502 12.636420 11.355783
5.762482 10.033270 14.230491 11.922088
3.938900 11.085510 16.097117 12.611210
2.149589 12.309647 18.004517 13.678558
18.027262 10.850791 3.243091 14.947236
16.467176 9.545984 4.492462 14.196004
14.813708 8.522882 6.118870 13.375857
12.719147 7.720463 7.724892 12.712290
11.315582 7.289413 9.402280 12.753672
9.371748 7.230661 11.279240 12.662722
7.831392 7.879865 12.830309 12.832372
6.243112 8.413027 14.463809 13.523942
4.586973 9.528058 16.441084 14.082497
3.377588 10.977514 18.259996 15.055471
18.713479 9.875747 4.899235 16.646936
16.812062 8.521234 5.922490 15.728764
15.163867 7.153709 6.935912 15.100477
13.461695 6.291144 8.685012 14.675313
11.698188 5.657363 10.097129 14.496179
10.140240 5.629309 11.749233 14.593188
8.542388 6.305159 13.607506 14.654942
7.199711 7.043856 15.209645 15.076562
5.639372 8.408135 16.721833 15.583390
4.869055 9.767712 18.439790 16.584302
19.067662 8.941889 6.424641 17.970381
17.318822 7.238423 7.283120 17.343420
15.712876 5.991896 8.279257 17.026065
14.050207 4.722885 9.733122 16.583569
12.524674 4.069162 11.016087 16.287936
11.092014 3.765858 12.532502 16.340586
9.650955 4.331085 14.150712 16.075098
8.565770 5.832877 15.768423 16.981723
7.371698 7.282723 17.346315 17.363977
6.580133 8.893461 18.892034 18.110527
19.784771 8.394139 8.425648 19.829196
18.014650 6.494304 8.910515 19.045405
16.461799 4.708204 9.635321 18.438475
15.043084 3.122538 10.816103 17.978438
13.458977 2.188496 12.223478 17.966157
12.038944 2.134869 13.566028 17.926372
10.867531 3.374451 14.993305 18.240931
9.785328 5.018226 16.504138 18.520891
8.788466 6.679282 18.111954 19.029981
8.218541 8.186602 19.698566 19.777209
